Arrival Time,Time in System,Request Service Time,Steal Count,Original Queue,Queue Length,Total Queue Length,Queue Checks,Time Left of Task Ahead,Requeue Wait Time,job_id,tasks_num_of_single_job,task_generation_time,completion_time
3990,5000,5000,0,1,0,0,0,1,0,0,85,3833,8989
4010,50,50,0,0,0,0,0,0,0,0,85,3833,4059
4020,500,500,0,0,0,0,0,40,0,0,85,3833,4519
4065,50,50,0,0,0,0,0,0,0,0,85,3833,4114
4093,501,500,1,0,0,0,4,0,2,0,85,3833,4593
4097,51,50,1,0,0,0,2,1,2,0,85,3833,4147
4170,50,50,0,0,0,0,0,0,0,0,85,3833,4219
4193,52,50,1,0,0,0,3,0,2,0,85,3833,4244
4235,50,50,0,0,0,0,0,0,0,0,85,3833,4284
4252,501,500,1,0,0,0,4,1,2,0,85,3833,4752
4299,50,50,0,0,0,0,0,0,0,0,85,3833,4348
9795,50,50,0,0,0,0,0,0,0,1,89,9672,9844
9803,50,50,0,0,0,0,0,42,0,1,89,9672,9852
9842,52,50,1,0,0,0,7,1,2,1,89,9672,9893
9867,50,50,0,0,0,0,0,0,0,1,89,9672,9916
9872,50,50,0,0,0,0,0,45,0,1,89,9672,9921
9892,5000,5000,0,1,0,0,0,0,0,1,89,9672,14891
9985,5001,5000,0,1,0,0,1,4907,0,1,89,9672,14985
10026,5002,5000,1,1,0,0,4,1,2,1,89,9672,15027
10029,500,500,0,0,0,0,0,0,0,1,89,9672,10528
10068,5002,5000,1,1,0,0,3,1,2,1,89,9672,15069
10096,500,500,0,0,0,0,0,433,0,1,89,9672,10595
10119,52,50,1,0,0,0,2,0,2,1,89,9672,10170
10132,52,50,1,0,0,0,1,37,2,1,89,9672,10183
10146,52,50,1,0,0,0,1,23,2,1,89,9672,10197
10149,5025,5000,1,1,0,0,1,0,25,1,89,9672,15173
18470,50,50,0,0,0,0,0,0,0,2,88,18353,18519
18484,50,50,0,0,0,0,0,36,0,2,88,18353,18533
18511,502,500,1,0,0,0,6,0,2,2,88,18353,19012
18514,51,50,1,0,0,0,5,0,2,2,88,18353,18564
18523,5000,5000,0,1,0,0,0,490,0,2,88,18353,23522
18543,5002,5000,1,1,0,0,3,0,2,2,88,18353,23544
18598,50,50,0,0,0,0,0,0,0,2,88,18353,18647
18644,5002,5000,1,1,0,0,4,4899,2,2,88,18353,23645
18660,5001,5000,1,1,0,0,2,4883,2,2,88,18353,23660
18699,5003,5000,1,1,0,0,2,4843,3,2,88,18353,23701
18772,50,50,0,0,0,0,0,0,0,2,88,18353,18821
18800,500,500,0,0,0,0,0,22,0,2,88,18353,19299
18840,50,50,0,0,0,0,0,0,0,2,88,18353,18889
18842,52,50,1,0,0,0,1,4701,2,2,88,18353,18893
18843,5054,5000,1,1,0,1,1,4648,54,2,88,18353,23896
23370,5000,5000,0,1,0,0,0,0,0,3,90,23158,28369
23406,50,50,0,0,0,0,0,0,0,3,90,23158,23455
23445,50,50,0,0,0,0,0,11,0,3,90,23158,23494
23448,58,50,0,0,0,0,0,8,0,3,90,23158,23505
23484,61,50,0,0,0,0,0,22,0,3,90,23158,23544
23508,500,500,0,0,0,0,0,0,0,3,90,23158,24007
23517,5006,5000,0,1,0,0,0,4853,0,3,90,23158,28522
23559,50,50,0,0,0,0,0,449,0,3,90,23158,23608
23570,504,500,1,0,0,0,1,0,4,3,90,23158,24073
23571,88,50,0,0,0,1,1,437,0,3,90,23158,23658
23575,123,50,1,0,0,1,1,426,73,3,90,23158,23697
23613,5087,5000,1,1,0,1,1,374,87,3,90,23158,28699
23628,533,500,1,0,0,2,1,426,20,3,90,23158,24160
23630,5075,5000,1,1,0,3,2,369,75,3,90,23158,28704
23633,526,500,0,0,1,4,1,375,0,3,90,23158,24158
23966,53,50,1,0,0,0,1,105,3,4,80,23851,24018
24051,50,50,0,0,0,0,0,0,0,4,80,23851,24100
24113,5002,5000,1,1,0,0,1,0,2,4,80,23851,29114
24117,5002,5000,1,1,0,0,1,4996,2,4,80,23851,29118
24123,50,50,0,0,0,0,0,0,0,4,80,23851,24172
24126,5037,5000,1,1,0,0,1,4952,37,4,80,23851,29162
24143,9227,5000,0,1,0,1,1,4227,0,4,80,23851,33369
24188,500,500,0,0,0,1,0,0,0,4,80,23851,24687
24272,50,50,0,0,0,1,0,416,0,4,80,23851,24321
24307,65,50,0,0,0,1,0,381,0,4,80,23851,24371
33736,5000,5000,0,1,0,0,0,1,0,5,89,33622,38735
33811,500,500,0,0,0,0,0,0,0,5,89,33622,34310
33823,5000,5000,0,1,0,0,0,0,0,5,89,33622,38822
33827,50,50,0,0,0,0,0,484,0,5,89,33622,33876
33847,51,50,1,0,0,0,2,1,2,5,89,33622,33897
33930,50,50,0,0,0,0,0,381,0,5,89,33622,33979
34032,50,50,0,0,0,0,0,279,0,5,89,33622,34081
34033,502,500,1,0,0,0,4,0,2,5,89,33622,34534
34052,51,50,1,0,0,0,2,481,2,5,89,33622,34102
34088,50,50,0,0,0,0,0,223,0,5,89,33622,34137
34092,51,50,1,0,0,0,1,441,2,5,89,33622,34142
37010,5002,5000,1,1,0,0,5,1,2,6,84,36906,42011
37087,5002,5000,1,1,0,0,2,1,2,6,84,36906,42088
37147,50,50,0,0,0,0,0,0,0,6,84,36906,37196
37156,50,50,0,0,0,0,0,41,0,6,84,36906,37205
37260,500,500,0,0,0,0,0,0,0,6,84,36906,37759
37317,50,50,0,0,0,0,0,443,0,6,84,36906,37366
37344,54,50,1,0,0,0,3,0,4,6,84,36906,37397
37355,5003,5000,1,1,0,0,2,40,3,6,84,36906,42357
37375,50,50,0,0,0,0,0,385,0,6,84,36906,37424
37400,52,50,1,0,0,0,2,1,2,6,84,36906,37451
46341,50,50,0,0,0,0,0,0,0,7,87,46237,46390
46395,50,50,0,0,0,0,0,0,0,7,87,46237,46444
46433,50,50,0,0,0,0,0,12,0,7,87,46237,46482
46437,52,50,1,0,0,0,4,0,2,7,87,46237,46488
46443,5001,5000,0,1,0,0,3,46,0,7,87,46237,51443
46446,50,50,0,0,0,0,0,0,0,7,87,46237,46495
46471,5002,5000,1,1,0,0,4,0,2,7,87,46237,51472
46520,500,500,0,0,0,0,0,0,0,7,87,46237,47019
46569,50,50,0,0,0,0,0,451,0,7,87,46237,46618
46581,52,50,1,0,0,0,2,0,2,7,87,46237,46632
46586,52,50,1,0,0,0,3,4885,2,7,87,46237,46637
46685,5001,5000,0,1,0,0,2,1,0,7,87,46237,51685
48072,50,50,0,0,0,0,0,0,0,8,86,47951,48121
48089,50,50,0,0,0,0,0,33,0,8,86,47951,48138
48095,51,50,1,0,0,0,2,3376,2,8,86,47951,48145
48122,5002,5000,1,1,0,0,2,3349,2,8,86,47951,53123
48166,50,50,0,0,0,0,0,0,0,8,86,47951,48215
48238,50,50,0,0,0,0,0,0,0,8,86,47951,48287
48253,5002,5000,1,1,0,0,1,3218,2,8,86,47951,53254
48272,500,500,0,0,0,0,0,16,0,8,86,47951,48771
48288,500,500,0,0,0,0,0,0,0,8,86,47951,48787
48320,52,50,1,0,0,0,2,3151,2,8,86,47951,48371
48326,52,50,1,0,0,0,1,3145,2,8,86,47951,48377
48335,90,50,1,0,0,0,1,3098,40,8,86,47951,48424
48371,57,50,1,0,0,1,1,3098,4,8,86,47951,48427
48371,107,50,1,0,1,2,2,3045,57,8,86,47951,48477
48398,83,50,1,0,0,1,2,3042,33,8,86,47951,48480
49114,50,50,0,0,0,0,0,0,0,9,81,49004,49163
49153,500,500,0,0,0,0,0,11,0,9,81,49004,49652
49190,50,50,0,0,0,0,0,0,0,9,81,49004,49239
49200,53,50,1,0,0,0,2,2270,3,9,81,49004,49252
49233,52,50,1,0,0,0,1,2238,2,9,81,49004,49284
49257,5002,5000,1,1,0,0,1,2214,2,9,81,49004,54258
49257,5031,5000,1,1,0,1,2,2185,31,9,81,49004,54287
49305,50,50,0,0,0,0,0,0,0,9,81,49004,49354
49317,538,500,0,0,0,0,0,38,0,9,81,49004,49854
49358,795,500,0,0,0,0,0,497,0,9,81,49004,50152
49458,447,50,0,0,0,1,0,397,0,9,81,49004,49904
49469,486,50,0,0,1,2,0,386,0,9,81,49004,49954
50862,500,500,0,0,0,0,0,0,0,10,86,50704,51361
50874,50,50,0,0,0,0,0,488,0,10,86,50704,50923
50893,531,500,0,0,0,0,0,469,0,10,86,50704,51423
50964,448,50,0,0,0,0,0,398,0,10,86,50704,51411
50972,5472,5000,0,1,0,1,0,714,0,10,86,50704,56443
51008,454,50,0,0,0,2,0,354,0,10,86,50704,51461
51023,451,50,0,0,1,3,0,339,0,10,86,50704,51473
51027,485,50,0,0,2,4,0,335,0,10,86,50704,51511
51109,415,50,0,0,3,5,0,253,0,10,86,50704,51523
51163,363,50,1,0,4,6,1,0,313,10,86,50704,51525
51164,398,50,0,0,5,7,1,198,0,10,86,50704,51561
57976,5000,5000,0,1,0,0,0,0,0,11,86,57864,62975
57988,50,50,0,0,0,0,0,0,0,11,86,57864,58037
57994,50,50,0,0,0,0,0,44,0,11,86,57864,58043
57996,51,50,1,0,0,0,3,1,2,11,86,57864,58046
58004,502,500,1,0,0,0,3,4970,2,11,86,57864,58505
58006,503,500,1,0,0,1,4,1,3,11,86,57864,58508
58056,50,50,0,0,0,0,0,0,0,11,86,57864,58105
58086,5003,5000,1,1,0,0,4,0,3,11,86,57864,63088
58268,500,500,0,0,0,0,0,0,0,11,86,57864,58767
58342,500,500,0,0,0,0,0,426,0,11,86,57864,58841
58344,502,500,1,0,0,0,3,4743,2,11,86,57864,58845
69311,50,50,0,0,0,0,0,0,0,12,85,69186,69360
69323,5000,5000,0,1,0,0,0,0,0,12,85,69186,74322
69354,50,50,0,0,0,0,0,7,0,12,85,69186,69403
72677,500,500,0,0,0,0,0,0,0,13,85,72573,73176
72742,500,500,0,0,0,0,0,435,0,13,85,72573,73241
72743,502,500,1,0,0,0,3,1578,2,13,85,72573,73244
72745,52,50,1,0,0,1,3,1,2,13,85,72573,72796
72781,51,50,1,0,0,0,1,0,2,13,85,72573,72831
72828,5002,5000,1,1,0,0,2,1,2,13,85,72573,77829
72922,52,50,1,0,0,0,2,1,2,13,85,72573,72973
72934,51,50,1,0,0,0,1,1,2,13,85,72573,72984
72996,502,500,1,0,0,0,3,0,2,13,85,72573,73497
73007,51,50,1,0,0,0,1,489,2,13,85,72573,73057
73058,51,50,1,0,0,0,2,438,2,13,85,72573,73108
73065,5001,5000,1,1,0,0,1,431,2,13,85,72573,78065
78810,50,50,0,0,0,0,0,0,0,14,82,78635,78859
78829,50,50,0,0,0,0,0,31,0,14,82,78635,78878
78842,502,500,1,0,0,0,4,1,2,14,82,78635,79343
78849,52,50,1,0,0,0,4,0,2,14,82,78635,78900
78876,50,50,0,0,0,0,0,0,0,14,82,78635,78925
78937,50,50,0,0,0,0,0,0,0,14,82,78635,78986
78939,50,50,0,0,0,0,0,48,0,14,82,78635,78988
78994,500,500,0,0,0,0,0,0,0,14,82,78635,79493
79045,500,500,0,0,0,0,0,449,0,14,82,78635,79544
79057,501,500,1,0,0,0,5,0,2,14,82,78635,79557
79100,52,50,1,0,0,0,3,1,2,14,82,78635,79151
89249,500,500,0,0,0,0,0,0,0,15,89,89144,89748
89254,50,50,0,0,0,0,0,495,0,15,89,89144,89303
89276,52,50,1,0,0,0,4,1,2,15,89,89144,89327
89279,52,50,1,0,0,0,6,0,2,15,89,89144,89330
89288,52,50,1,0,0,0,1,1,2,15,89,89144,89339
89308,50,50,0,0,0,0,0,441,0,15,89,89144,89357
89408,50,50,0,0,0,0,0,341,0,15,89,89144,89457
89436,5000,5000,0,1,0,0,0,0,0,15,89,89144,94435
89457,5000,5000,0,1,0,0,0,4979,0,15,89,89144,94456
89513,5002,5000,1,1,0,0,4,0,2,15,89,89144,94514
89526,50,50,0,0,0,0,0,223,0,15,89,89144,89575
89604,5002,5000,1,1,0,0,3,4909,2,15,89,89144,94605
89629,50,50,0,0,0,0,0,120,0,15,89,89144,89678
89631,51,50,1,0,0,0,2,4882,2,15,89,89144,89681
94535,50,50,0,0,0,0,0,0,0,16,83,94422,94584
94544,5000,5000,0,1,0,0,0,1,0,16,83,94422,99543
94588,50,50,0,0,0,0,0,0,0,16,83,94422,94637
94627,500,500,0,0,0,0,0,11,0,16,83,94422,95126
94648,50,50,0,0,0,0,0,0,0,16,83,94422,94697
94709,50,50,0,0,0,0,0,0,0,16,83,94422,94758
94725,502,500,1,0,0,0,2,0,2,16,83,94422,95226
94727,5002,5000,1,1,0,1,5,0,2,16,83,94422,99728
94824,50,50,0,0,0,0,0,0,0,16,83,94422,94873
95181,50,50,0,0,0,0,0,0,0,17,81,95080,95230
95207,500,500,0,0,0,0,0,24,0,17,81,95080,95706
95220,52,50,1,0,0,0,2,4507,2,17,81,95080,95271
95342,500,500,0,0,0,0,0,0,0,17,81,95080,95841
95344,51,50,1,0,0,0,3,4383,2,17,81,95080,95394
95376,502,500,1,0,0,0,3,0,2,17,81,95080,95877
95402,5001,5000,1,1,0,0,2,4325,2,17,81,95080,100402
95429,502,500,1,0,0,0,1,4298,2,17,81,95080,95930
95433,502,500,1,0,0,0,1,4294,2,17,81,95080,95934
95502,5003,5000,1,1,0,0,1,4224,3,17,81,95080,100504
95527,230,50,0,0,0,0,0,315,0,17,81,95080,95756
95540,267,50,0,0,0,1,0,302,0,17,81,95080,95806
95566,5312,5000,0,1,0,2,0,312,0,17,81,95080,100877
95567,5367,5000,1,1,0,3,1,3795,367,17,81,95080,100933
95579,728,500,0,0,1,4,0,263,0,17,81,95080,96306
95580,312,50,0,0,2,5,0,262,0,17,81,95080,95891
97617,500,500,0,0,0,0,0,0,0,18,90,97506,98116
97620,500,500,0,0,0,0,0,497,0,18,90,97506,98119
97690,5002,5000,1,1,0,0,1,2037,2,18,90,97506,102691
97752,415,50,0,0,0,0,0,365,0,18,90,97506,98166
97775,395,50,0,0,0,1,0,342,0,18,90,97506,98169
97791,426,50,0,0,1,2,0,326,0,18,90,97506,98216
97806,864,500,0,0,2,3,0,311,0,18,90,97506,98669
97842,6702,5000,0,1,0,4,0,3036,0,18,90,97506,104543
97927,790,500,0,0,3,5,0,190,0,18,90,97506,98716
97971,749,50,0,0,4,6,0,146,0,18,90,97506,98719
103989,500,500,0,0,0,0,0,0,0,19,84,103866,104488
104031,5001,5000,1,1,0,0,3,0,2,19,84,103866,109031
104059,5001,5000,0,1,0,0,2,1,0,19,84,103866,109059
104061,500,500,0,0,0,0,0,428,0,19,84,103866,104560
104084,51,50,1,0,0,0,2,0,2,19,84,103866,104134
104110,502,500,1,0,0,0,1,0,2,19,84,103866,104611
104120,502,500,1,0,0,0,2,490,2,19,84,103866,104621
104128,54,50,1,0,0,0,1,480,4,19,84,103866,104181
104191,51,50,1,0,0,0,1,419,2,19,84,103866,104241
104272,52,50,1,0,0,0,2,338,2,19,84,103866,104323
104292,5003,5000,1,1,0,0,1,317,3,19,84,103866,109294
104307,70,50,1,0,0,0,1,285,20,19,84,103866,104376
104316,113,50,1,0,0,1,2,233,63,19,84,103866,104428
107175,50,50,0,0,0,0,0,0,0,20,87,107074,107224
107184,5000,5000,0,1,0,0,0,1876,0,20,87,107074,112183
107229,50,50,0,0,0,0,0,0,0,20,87,107074,107278
107310,50,50,0,0,0,0,0,0,0,20,87,107074,107359
107319,500,500,0,0,0,0,0,41,0,20,87,107074,107818
107326,52,50,1,0,0,0,3,1,2,20,87,107074,107377
107348,502,500,1,0,0,0,1,0,2,20,87,107074,107849
107383,500,500,0,0,0,0,0,0,0,20,87,107074,107882
107427,53,50,1,0,0,0,1,420,3,20,87,107074,107479
107466,5003,5000,1,1,0,0,1,381,3,20,87,107074,112468
107475,57,50,1,0,0,0,1,368,7,20,87,107074,107531
107488,97,50,1,0,0,0,1,315,47,20,87,107074,107584
114964,50,50,0,0,0,0,0,0,0,21,87,114833,115013
114979,50,50,0,0,0,0,0,35,0,21,87,114833,115028
115069,50,50,0,0,0,0,0,0,0,21,87,114833,115118
115078,50,50,0,0,0,0,0,41,0,21,87,114833,115127
115099,5001,5000,0,1,0,0,4,1,0,21,87,114833,120099
115117,52,50,1,0,0,0,3,0,2,21,87,114833,115168
115137,50,50,0,0,0,0,0,0,0,21,87,114833,115186
115179,50,50,0,0,0,0,0,8,0,21,87,114833,115228
115224,50,50,0,0,0,0,0,0,0,21,87,114833,115273
115243,50,50,0,0,0,0,0,31,0,21,87,114833,115292
115362,50,50,0,0,0,0,0,0,0,22,90,115230,115411
115417,500,500,0,0,0,0,0,0,0,22,90,115230,115916
115449,50,50,0,0,0,0,0,468,0,22,90,115230,115498
115451,52,50,1,0,0,0,2,0,2,22,90,115230,115502
115555,50,50,0,0,0,0,0,362,0,22,90,115230,115604
115610,50,50,0,0,0,0,0,307,0,22,90,115230,115659
115628,502,500,1,0,0,0,5,0,2,22,90,115230,116129
115631,5002,5000,1,1,0,0,4,1,2,22,90,115230,120632
115652,503,500,1,0,0,0,2,0,3,22,90,115230,116154
115684,50,50,0,0,0,0,0,233,0,22,90,115230,115733
134813,500,500,0,0,0,0,0,0,0,23,81,134692,135312
134842,5001,5000,0,1,0,0,3,1,0,23,81,134692,139842
134844,50,50,0,0,0,0,0,469,0,23,81,134692,134893
134862,52,50,1,0,0,0,3,4979,2,23,81,134692,134913
134928,5000,5000,0,1,0,0,0,4915,0,23,81,134692,139927
134935,50,50,0,0,0,0,0,378,0,23,81,134692,134984
134980,52,50,1,0,0,0,4,1,2,23,81,134692,135031
135025,50,50,0,0,0,0,0,288,0,23,81,134692,135074
135053,501,500,1,0,0,0,4,0,2,23,81,134692,135553
135132,5001,5000,1,1,0,0,3,0,2,23,81,134692,140132
135163,50,50,0,0,0,0,0,150,0,23,81,134692,135212
151054,500,500,0,0,0,0,0,0,0,24,81,150924,151553
151091,50,50,0,0,0,0,0,463,0,24,81,150924,151140
151117,501,500,1,0,0,0,4,0,2,24,81,150924,151617
151117,501,500,1,0,0,1,5,1,2,24,81,150924,151617
151122,5001,5000,1,1,0,0,2,0,2,24,81,150924,156122
151206,50,50,0,0,0,0,0,348,0,24,81,150924,151255
151284,50,50,0,0,0,0,0,270,0,24,81,150924,151333
151306,503,500,1,0,0,0,2,0,3,24,81,150924,151808
151328,53,50,1,0,0,0,2,0,3,24,81,150924,151380
151364,50,50,0,0,0,0,0,190,0,24,81,150924,151413
151374,53,50,1,0,0,0,2,4,3,24,81,150924,151426
151378,52,50,1,0,0,0,1,1,2,24,81,150924,151429
151394,502,500,1,0,0,0,1,0,2,24,81,150924,151895
151395,69,50,0,0,0,1,0,159,0,24,81,150924,151463
151409,5020,5000,1,1,0,1,1,467,20,24,81,150924,156428
155001,50,50,0,0,0,0,0,0,0,25,87,154809,155050
155037,50,50,0,0,0,0,0,14,0,25,87,154809,155086
155088,50,50,0,0,0,0,0,0,0,25,87,154809,155137
155139,50,50,0,0,0,0,0,0,0,25,87,154809,155188
155171,50,50,0,0,0,0,0,18,0,25,87,154809,155220
155172,52,50,1,0,0,0,5,0,2,25,87,154809,155223
155175,5002,5000,1,1,0,0,3,0,2,25,87,154809,160176
155185,52,50,1,0,0,0,2,37,2,25,87,154809,155236
155190,500,500,0,0,0,0,0,0,0,25,87,154809,155689
155193,53,50,1,0,0,0,2,4981,3,25,87,154809,155245
155237,50,50,0,0,0,0,0,453,0,25,87,154809,155286
155255,52,50,1,0,0,0,4,1,2,25,87,154809,155306
156861,50,50,0,0,0,0,0,0,0,26,86,156752,156910
156907,50,50,0,0,0,0,0,4,0,26,86,156752,156956
156908,52,50,1,0,0,0,4,1,2,26,86,156752,156959
156909,50,50,1,0,0,1,1,3267,1,26,86,156752,156958
156918,50,50,0,0,0,0,0,0,0,26,86,156752,156967
156927,5001,5000,0,1,0,0,1,1,0,26,86,156752,161927
157013,500,500,0,0,0,0,0,0,0,26,86,156752,157512
157060,50,50,0,0,0,0,0,453,0,26,86,156752,157109
157065,5001,5000,0,1,0,0,3,4863,0,26,86,156752,162065
157083,53,50,1,0,0,0,3,3091,3,26,86,156752,157135
157122,500,500,0,0,0,0,0,391,0,26,86,156752,157621
157179,53,50,1,0,0,0,4,2995,3,26,86,156752,157231
161639,50,50,0,0,0,0,0,0,0,27,84,161529,161688
161643,5001,5000,1,1,0,0,2,0,2,27,84,161529,166643
161661,50,50,0,0,0,0,0,28,0,27,84,161529,161710
161689,50,50,0,0,0,0,0,0,0,27,84,161529,161738
161745,50,50,0,0,0,0,0,0,0,27,84,161529,161794
161755,50,50,0,0,0,0,0,40,0,27,84,161529,161804
161813,5002,5000,1,1,0,0,4,1,2,27,84,161529,166814
161844,50,50,0,0,0,0,0,0,0,27,84,161529,161893
162011,5000,5000,0,1,0,0,0,0,0,27,84,161529,167010
162472,500,500,0,0,0,0,0,0,0,28,82,162304,162971
162482,500,500,0,0,0,0,0,490,0,28,82,162304,162981
162501,502,500,1,0,0,0,2,1,2,28,82,162304,163002
162542,52,50,1,0,0,0,2,1,2,28,82,162304,162593
162555,52,50,1,0,0,0,1,4454,2,28,82,162304,162606
162622,502,500,1,0,0,0,2,4387,2,28,82,162304,163123
162643,52,50,1,0,0,0,2,1,2,28,82,162304,162694
162651,54,50,1,0,0,0,1,0,4,28,82,162304,162704
162666,532,500,1,0,0,0,1,7,32,28,82,162304,163197
162677,78,50,1,0,0,1,1,7,21,28,82,162304,162754
162694,114,50,1,0,1,2,2,0,64,28,82,162304,162807
162700,158,50,1,0,0,2,1,0,58,28,82,162304,162857
162730,630,500,1,0,1,2,2,0,130,28,82,162304,163359
162766,287,50,1,0,0,2,1,0,94,28,82,162304,163052
162770,252,50,0,0,1,3,1,202,0,28,82,162304,163021
163565,50,50,0,0,0,0,0,0,0,29,84,163434,163614
163585,500,500,0,0,0,0,0,30,0,29,84,163434,164084
163593,51,50,1,0,0,0,3,0,2,29,84,163434,163643
163662,5000,5000,0,1,0,0,0,3349,0,29,84,163434,168661
163667,50,50,0,0,0,0,0,0,0,29,84,163434,163716
163675,52,50,1,0,0,0,2,1,2,29,84,163434,163726
163690,51,50,1,0,0,0,1,0,2,29,84,163434,163740
163712,503,500,1,0,0,0,1,0,3,29,84,163434,164214
163771,50,50,0,0,0,0,0,0,0,29,84,163434,163820
163783,503,500,1,0,0,0,2,429,3,29,84,163434,164285
163821,50,50,0,0,0,0,0,0,0,29,84,163434,163870
163910,50,50,0,0,0,0,0,0,0,29,84,163434,163959
163917,53,50,1,0,0,0,1,295,3,29,84,163434,163969
163928,82,50,0,0,0,0,0,32,0,29,84,163434,164009
165337,5002,5000,1,1,0,0,2,1,2,30,82,165172,170338
165351,50,50,0,0,0,0,0,0,0,30,82,165172,165400
165379,50,50,0,0,0,0,0,22,0,30,82,165172,165428
165387,52,50,1,0,0,0,2,1,2,30,82,165172,165438
165431,5002,5000,1,1,0,0,1,0,2,30,82,165172,170432
165458,500,500,0,0,0,0,0,0,0,30,82,165172,165957
165477,5002,5000,1,1,0,0,1,4954,2,30,82,165172,170478
165618,50,50,0,0,0,0,0,340,0,30,82,165172,165667
165619,6027,5000,1,1,0,0,1,3787,1027,30,82,165172,171645
165646,72,50,0,0,0,1,0,312,0,30,82,165172,165717
167400,50,50,0,0,0,0,0,0,0,31,89,167250,167449
167416,500,500,0,0,0,0,0,34,0,31,89,167250,167915
167427,52,50,1,0,0,0,2,3004,2,31,89,167250,167478
167428,52,50,1,0,0,1,1,0,2,31,89,167250,167479
167492,50,50,0,0,0,0,0,0,0,31,89,167250,167541
167518,502,500,1,0,0,0,2,0,2,31,89,167250,168019
167533,52,50,1,0,0,0,1,2898,2,31,89,167250,167584
167570,500,500,0,0,0,0,0,0,0,31,89,167250,168069
167595,52,50,1,0,0,0,1,2836,2,31,89,167250,167646
167613,537,500,1,0,0,0,1,2783,37,31,89,167250,168149
167622,578,50,1,0,0,1,1,2783,28,31,89,167250,168199
167631,335,50,0,0,1,2,1,439,0,31,89,167250,167965
167668,348,50,0,0,0,2,0,402,0,31,89,167250,168015
167676,390,50,0,0,1,3,0,394,0,31,89,167250,168065
167688,428,50,0,0,2,4,0,382,0,31,89,167250,168115
167737,5283,5000,0,1,0,5,0,283,0,31,89,167250,173019
167743,377,50,0,0,3,6,0,327,0,31,89,167250,168119
169682,500,500,0,0,0,0,0,0,0,32,86,169576,170181
169771,50,50,0,0,0,0,0,411,0,32,86,169576,169820
169897,500,500,0,0,0,0,0,285,0,32,86,169576,170396
169918,5002,5000,0,1,0,0,1,3102,0,32,86,169576,174919
169983,5003,5000,1,1,0,0,1,447,3,32,86,169576,174985
170420,50,50,0,0,0,0,0,0,0,33,87,170317,170469
170427,5002,5000,1,1,0,0,1,4,2,33,87,170317,175428
170461,50,50,0,0,0,0,0,9,0,33,87,170317,170510
170506,50,50,0,0,0,0,0,0,0,33,87,170317,170555
170557,500,500,0,0,0,0,0,0,0,33,87,170317,171056
170592,5002,5000,1,1,0,0,2,0,2,33,87,170317,175593
170599,50,50,0,0,0,0,0,458,0,33,87,170317,170648
170624,53,50,1,0,0,0,1,4967,3,33,87,170317,170676
170664,50,50,0,0,0,0,0,393,0,33,87,170317,170713
170733,50,50,0,0,0,0,0,324,0,33,87,170317,170782
170734,53,50,1,0,0,0,1,4857,3,33,87,170317,170786
170812,5002,5000,1,1,0,0,1,4780,2,33,87,170317,175813
170813,50,50,0,0,0,1,0,244,0,33,87,170317,170862
172710,50,50,0,0,0,0,0,0,0,34,82,172590,172759
172717,500,500,0,0,0,0,0,43,0,34,82,172590,173216
172748,5002,5000,1,1,0,0,1,2844,2,34,82,172590,177749
172767,50,50,0,0,0,0,0,0,0,34,82,172590,172816
172786,81,50,0,0,0,0,0,31,0,34,82,172590,172866
172850,67,50,0,0,0,0,0,17,0,34,82,172590,172916
172873,94,50,0,0,0,0,0,44,0,34,82,172590,172966
172925,92,50,0,0,0,0,0,42,0,34,82,172590,173016
172978,89,50,0,0,0,0,0,39,0,34,82,172590,173066
175967,50,50,0,0,0,0,0,0,0,35,84,175854,176016
176000,50,50,0,0,0,0,0,17,0,35,84,175854,176049
176047,50,50,0,0,0,0,0,0,0,35,84,175854,176096
176098,50,50,0,0,0,0,0,0,0,35,84,175854,176147
176126,500,500,0,0,0,0,0,22,0,35,84,175854,176625
176283,5001,5000,0,1,0,0,2,1,0,35,84,175854,181283
176299,5000,5000,0,1,0,0,0,4985,0,35,84,175854,181298
176346,50,50,0,0,0,0,0,0,0,35,84,175854,176395
178541,50,50,0,0,0,0,0,0,0,36,80,178421,178590
178648,50,50,0,0,0,0,0,0,0,36,80,178421,178697
178654,50,50,0,0,0,0,0,44,0,36,80,178421,178703
178740,5002,5000,1,1,0,0,3,1,2,36,80,178421,183741
178794,50,50,0,0,0,0,0,0,0,36,80,178421,178843
178819,50,50,0,0,0,0,0,25,0,36,80,178421,178868
178897,50,50,0,0,0,0,0,0,0,36,80,178421,178946
178914,50,50,0,0,0,0,0,33,0,36,80,178421,178963
184339,50,50,0,0,0,0,0,0,0,37,84,184169,184388
184369,5000,5000,0,1,0,0,0,0,0,37,84,184169,189368
184395,50,50,0,0,0,0,0,0,0,37,84,184169,184444
184452,50,50,0,0,0,0,0,0,0,37,84,184169,184501
184461,50,50,0,0,0,0,0,41,0,37,84,184169,184510
184486,52,50,1,0,0,0,5,4881,2,37,84,184169,184537
184519,50,50,0,0,0,0,0,0,0,37,84,184169,184568
184558,5002,5000,1,1,0,0,5,0,2,37,84,184169,189559
184580,500,500,0,0,0,0,0,0,0,37,84,184169,185079
184613,50,50,0,0,0,0,0,467,0,37,84,184169,184662
184620,502,500,1,0,0,0,4,4747,2,37,84,184169,185121
190035,5001,5000,0,1,0,0,2,1,0,38,86,189903,195035
190077,500,500,0,0,0,0,0,0,0,38,86,189903,190576
190082,50,50,0,0,0,0,0,495,0,38,86,189903,190131
190109,52,50,1,0,0,0,6,1,2,38,86,189903,190160
190149,50,50,0,0,0,0,0,428,0,38,86,189903,190198
190159,52,50,1,0,0,0,4,1,2,38,86,189903,190210
190164,52,50,1,0,0,0,3,4870,2,38,86,189903,190215
190212,50,50,0,0,0,0,0,365,0,38,86,189903,190261
190238,502,500,1,0,0,0,6,4796,2,38,86,189903,190739
190252,5002,5000,1,1,0,0,4,1,2,38,86,189903,195253
190257,502,500,1,0,0,0,2,0,2,38,86,189903,190758
190309,500,500,0,0,0,0,0,268,0,38,86,189903,190808
190340,53,50,1,0,0,0,3,416,3,38,86,189903,190392
190342,51,50,1,0,0,1,0,416,1,38,86,189903,190392
190395,53,50,1,0,0,0,2,361,3,38,86,189903,190447
193095,500,500,0,0,0,0,0,0,0,39,89,192984,193594
193095,500,500,0,0,0,1,0,0,0,39,89,192984,193594
193154,52,50,1,0,0,0,1,1880,2,39,89,192984,193205
193173,51,50,1,0,0,0,3,0,2,39,89,192984,193223
193176,5001,5000,1,1,0,0,1,0,2,39,89,192984,198176
193197,5002,5000,1,1,0,0,1,0,2,39,89,192984,198198
193259,5000,5000,0,1,0,0,0,1777,0,39,89,192984,198258
193292,502,500,1,0,0,0,2,4905,2,39,89,192984,193793
193297,53,50,1,0,0,0,1,4899,3,39,89,192984,193349
193353,52,50,1,0,0,0,1,4844,2,39,89,192984,193404
193387,5021,5000,1,1,0,0,1,4791,21,39,89,192984,198407
193471,5325,5000,1,1,0,0,1,4403,325,39,89,192984,198795
204809,50,50,0,0,0,0,0,0,0,40,80,204641,204858
204854,50,50,0,0,0,0,0,5,0,40,80,204641,204903
204863,500,500,0,0,0,0,0,0,0,40,80,204641,205362
204889,52,50,1,0,0,0,4,0,2,40,80,204641,204940
204921,50,50,0,0,0,0,0,442,0,40,80,204641,204970
204961,502,500,1,0,0,0,4,0,2,40,80,204641,205462
204971,50,50,0,0,0,0,0,392,0,40,80,204641,205020
204976,5001,5000,0,1,0,0,4,487,0,40,80,204641,209976
204979,502,500,1,0,0,0,2,1,2,40,80,204641,205480
204990,52,50,1,0,0,0,4,0,2,40,80,204641,205041
205001,51,50,1,0,0,0,2,39,2,40,80,204641,205051
205040,500,500,0,0,0,0,0,323,0,40,80,204641,205539
207701,50,50,0,0,0,0,0,0,0,41,80,207578,207750
207746,500,500,0,0,0,0,0,5,0,41,80,207578,208245
207763,50,50,0,0,0,0,0,0,0,41,80,207578,207812
207773,5002,5000,1,1,0,0,4,1,2,41,80,207578,212774
207791,5000,5000,0,1,0,0,0,0,0,41,80,207578,212790
207960,50,50,0,0,0,0,0,0,0,41,80,207578,208009
208018,50,50,0,0,0,0,0,0,0,41,80,207578,208067
245798,50,50,0,0,0,0,0,0,0,42,90,245689,245847
245936,50,50,0,0,0,0,0,0,0,42,90,245689,245985
245948,50,50,0,0,0,0,0,38,0,42,90,245689,245997
245948,52,50,1,0,0,1,5,1,2,42,90,245689,245999
245974,5002,5000,1,1,0,0,3,0,2,42,90,245689,250975
246030,50,50,0,0,0,0,0,0,0,42,90,245689,246079
246068,5000,5000,0,1,0,0,0,0,0,42,90,245689,251067
246103,5000,5000,0,1,0,0,0,4965,0,42,90,245689,251102
246119,500,500,0,0,0,0,0,0,0,42,90,245689,246618
249073,50,50,0,0,0,0,0,0,0,43,81,248903,249122
249218,5002,5000,1,1,0,0,2,1756,2,43,81,248903,254219
249234,500,500,0,0,0,0,0,0,0,43,81,248903,249733
249268,50,50,0,0,0,0,0,466,0,43,81,248903,249317
249303,52,50,1,0,0,0,3,1671,2,43,81,248903,249354
249322,50,50,0,0,0,0,0,412,0,43,81,248903,249371
249383,50,50,0,0,0,0,0,351,0,43,81,248903,249432
249388,5002,5000,1,1,0,0,3,1586,2,44,90,249269,254389
249421,52,50,1,0,0,0,2,1553,2,44,90,249269,249472
249473,5002,5000,1,1,0,0,2,1501,2,44,90,249269,254474
249474,5001,5000,1,1,0,1,0,1501,1,44,90,249269,254474
249501,50,50,0,0,0,0,0,233,0,44,90,249269,249550
249531,70,50,0,0,0,0,0,203,0,44,90,249269,249600
249539,562,500,0,0,0,1,0,195,0,44,90,249269,250100
249548,686,500,0,0,1,2,0,186,0,44,90,249269,250233
249551,600,50,0,0,2,3,0,183,0,44,90,249269,250150
249595,606,50,0,0,2,3,0,139,0,44,90,249269,250200
249613,1088,500,0,0,2,3,0,121,0,44,90,249269,250700
249634,6344,5000,1,1,0,4,1,0,1344,44,90,249269,255977
249748,986,500,0,0,2,4,0,486,0,44,90,249269,250733
251432,50,50,0,0,0,0,0,0,0,45,89,251248,251481
251441,500,500,0,0,0,0,0,41,0,45,89,251248,251940
251517,50,50,0,0,0,0,0,0,0,45,89,251248,251566
251536,52,50,1,0,0,0,2,0,2,45,89,251248,251587
251556,52,50,1,0,0,0,1,30,2,45,89,251248,251607
251602,50,50,0,0,0,0,0,0,0,45,89,251248,251651
251618,5000,5000,0,1,0,0,0,0,0,45,89,251248,256617
251673,5001,5000,0,1,0,0,0,4945,0,45,89,251248,256673
254088,50,50,0,0,0,0,0,0,0,46,90,253942,254137
254111,500,500,0,0,0,0,0,27,0,46,90,253942,254610
254117,71,50,0,0,0,0,0,21,0,46,90,253942,254187
254233,50,50,0,0,0,0,0,0,0,46,90,253942,254282
254261,53,50,1,0,0,0,1,1714,3,46,90,253942,254313
254287,500,500,0,0,0,0,0,0,0,46,90,253942,254786
254302,64,50,1,0,0,0,1,1662,14,46,90,253942,254365
254337,532,500,1,0,0,0,1,1609,32,46,90,253942,254868
254372,71,50,1,0,0,0,1,1585,21,46,90,253942,254442
254417,79,50,1,0,0,0,1,1532,29,46,90,253942,254495
257187,500,500,0,0,0,0,0,0,0,47,86,257040,257686
257201,50,50,0,0,0,0,0,486,0,47,86,257040,257250
257213,5001,5000,0,1,0,0,3,1,0,47,86,257040,262213
257244,52,50,1,0,0,0,5,4968,2,47,86,257040,257295
257270,50,50,0,0,0,0,0,417,0,47,86,257040,257319
257293,502,500,1,0,0,0,5,1,2,47,86,257040,257794
257405,50,50,0,0,0,0,0,282,0,47,86,257040,257454
257491,50,50,0,0,0,0,0,196,0,47,86,257040,257540
257501,52,50,1,0,0,0,3,4711,2,47,86,257040,257552
257501,51,50,1,0,0,1,3,0,2,47,86,257040,257551
258785,50,50,0,0,0,0,0,0,0,48,81,258637,258834
258824,500,500,0,0,0,0,0,11,0,48,81,258637,259323
258834,51,50,0,0,0,0,4,1,0,48,81,258637,258884
259032,50,50,0,0,0,0,0,0,0,48,81,258637,259081
259038,502,500,1,0,0,0,2,3174,2,48,81,258637,259539
259078,51,50,1,0,0,0,4,1,2,48,81,258637,259128
259127,50,50,0,0,0,0,0,0,0,48,81,258637,259176
261243,5001,5000,0,1,0,0,3,971,0,49,87,261085,266243
261263,50,50,0,0,0,0,0,0,0,49,87,261085,261312
261325,500,500,0,0,0,0,0,0,0,49,87,261085,261824
261404,50,50,0,0,0,0,0,421,0,49,87,261085,261453
261420,52,50,1,0,0,0,4,0,2,49,87,261085,261471
261462,500,500,0,0,0,0,0,363,0,49,87,261085,261961
261484,52,50,1,0,0,0,3,1,2,49,87,261085,261535
261581,53,50,1,0,0,0,4,0,3,49,87,261085,261633
262933,50,50,0,0,0,0,0,0,0,50,81,262773,262982
262950,50,50,0,0,0,0,0,33,0,50,81,262773,262999
263029,500,500,0,0,0,0,0,0,0,50,81,262773,263528
263058,500,500,0,0,0,0,0,471,0,50,81,262773,263557
263095,5000,5000,0,1,0,0,0,0,0,50,81,262773,268094
263137,52,50,1,0,0,0,4,1,2,50,81,262773,263188
263170,51,50,1,0,0,0,2,1,2,50,81,262773,263220
263185,5002,5000,1,1,0,0,2,1,2,50,81,262773,268186
263195,502,500,1,0,0,0,3,1,2,50,81,262773,263696
263264,52,50,1,0,0,0,2,1,2,50,81,262773,263315
263265,501,500,1,0,0,1,0,1,1,50,81,262773,263765
268257,50,50,0,0,0,0,0,0,0,51,84,268123,268306
268270,50,50,0,0,0,0,0,37,0,51,84,268123,268319
268287,502,500,1,0,0,0,3,0,2,51,84,268123,268788
268354,50,50,0,0,0,0,0,0,0,51,84,268123,268403
268371,5001,5000,0,1,0,0,2,418,0,51,84,268123,273371
268446,50,50,0,0,0,0,0,0,0,51,84,268123,268495
268469,50,50,0,0,0,0,0,27,0,51,84,268123,268518
268477,52,50,1,0,0,0,4,0,2,51,84,268123,268528
268493,502,500,1,0,0,0,3,34,2,51,84,268123,268994
268515,50,50,0,0,0,0,0,0,0,51,84,268123,268564
268552,50,50,0,0,0,0,0,13,0,51,84,268123,268601
268572,50,50,0,0,0,0,0,0,0,51,84,268123,268621
268587,502,500,1,0,0,0,4,1,2,51,84,268123,269088
271083,50,50,0,0,0,0,0,0,0,52,90,270915,271132
271112,500,500,0,0,0,0,0,21,0,52,90,270915,271611
271126,5000,5000,0,1,0,0,0,0,0,52,90,270915,276125
271140,50,50,0,0,0,0,0,0,0,52,90,270915,271189
271157,51,50,1,0,0,0,3,0,2,52,90,270915,271207
271177,52,50,1,0,0,0,2,0,2,52,90,270915,271228
271196,500,500,0,0,0,0,0,0,0,52,90,270915,271695
271200,51,50,1,0,0,0,1,27,2,52,90,270915,271250
271202,53,50,1,0,0,0,2,24,3,52,90,270915,271254
271245,51,50,1,0,0,0,2,0,2,52,90,270915,271295
271360,52,50,1,0,0,0,5,1,2,52,90,270915,271411
271376,502,500,1,0,0,0,2,1,2,52,90,270915,271877
271388,502,500,1,0,0,0,2,0,2,52,90,270915,271889
271388,5002,5000,1,1,0,1,1,0,2,52,90,270915,276389
277010,50,50,0,0,0,0,0,0,0,53,82,276901,277059
277037,50,50,0,0,0,0,0,23,0,53,82,276901,277086
277155,50,50,0,0,0,0,0,0,0,53,82,276901,277204
277161,50,50,0,0,0,0,0,44,0,53,82,276901,277210
277193,52,50,1,0,0,0,3,1,2,53,82,276901,277244
277266,50,50,0,0,0,0,0,0,0,53,82,276901,277315
277269,50,50,0,0,0,0,0,47,0,53,82,276901,277318
277288,51,50,1,0,0,0,5,0,2,53,82,276901,277338
277292,52,50,1,0,0,0,4,0,2,53,82,276901,277343
277345,50,50,0,0,0,0,0,0,0,53,82,276901,277394
277358,500,500,0,0,0,0,0,37,0,53,82,276901,277857
286251,500,500,0,0,0,0,0,0,0,54,86,286132,286750
286259,50,50,0,0,0,0,0,492,0,54,86,286132,286308
286269,5000,5000,0,1,0,0,0,0,0,54,86,286132,291268
286291,51,50,1,0,0,0,3,0,2,54,86,286132,286341
286309,500,500,0,0,0,0,0,442,0,54,86,286132,286808
286317,52,50,1,0,0,0,3,4950,2,54,86,286132,286368
286324,5002,5000,1,1,0,0,4,0,2,54,86,286132,291325
286358,51,50,1,0,0,0,1,4966,2,54,86,286132,286408
286400,52,50,1,0,0,0,2,4924,2,54,86,286132,286451
286434,5001,5000,0,1,0,0,3,4835,0,54,86,286132,291434
286469,501,500,1,0,0,0,2,4855,2,54,86,286132,286969
286495,502,500,1,0,0,0,2,4829,2,54,86,286132,286996
286571,52,50,1,0,0,0,2,4753,2,54,86,286132,286622
289315,5002,5000,1,1,0,0,3,2009,2,55,87,289215,294316
289390,5002,5000,1,1,0,0,3,1934,2,55,87,289215,294391
289469,50,50,0,0,0,0,0,0,0,55,87,289215,289518
289511,50,50,0,0,0,0,0,8,0,55,87,289215,289560
289576,50,50,0,0,0,0,0,0,0,55,87,289215,289625
289595,500,500,0,0,0,0,0,31,0,55,87,289215,290094
289643,50,50,0,0,0,0,0,0,0,55,87,289215,289692
289690,52,50,1,0,0,0,1,1634,2,55,87,289215,289741
291304,50,50,0,0,0,0,0,0,0,56,84,291178,291353
291406,5001,5000,0,1,0,0,2,1,0,56,84,291178,296406
291436,50,50,0,0,0,0,0,0,0,56,84,291178,291485
291582,50,50,0,0,0,0,0,0,0,56,84,291178,291631
291621,50,50,0,0,0,0,0,11,0,56,84,291178,291670
291645,50,50,0,0,0,0,0,0,0,56,84,291178,291694
291657,52,50,1,0,0,0,2,4748,2,56,84,291178,291708
291669,5002,5000,1,1,0,0,2,0,2,56,84,291178,296670
302267,50,50,0,0,0,0,0,0,0,57,89,302112,302316
302272,50,50,0,0,0,0,0,45,0,57,89,302112,302321
302322,50,50,0,0,0,0,0,0,0,57,89,302112,302371
302355,5000,5000,0,1,0,0,0,1,0,57,89,302112,307354
302361,500,500,0,0,0,0,0,11,0,57,89,302112,302860
302367,51,50,1,0,0,0,1,0,2,57,89,302112,302417
302545,5001,5000,0,1,0,0,4,1,0,57,89,302112,307545
302595,50,50,0,0,0,0,0,0,0,57,89,302112,302644
307027,500,500,0,0,0,0,0,0,0,58,90,306916,307526
307042,50,50,0,0,0,0,0,485,0,58,90,306916,307091
307049,501,500,1,0,0,0,2,0,2,58,90,306916,307549
307084,502,500,1,0,0,0,4,1,2,58,90,306916,307585
307138,50,50,0,0,0,0,0,389,0,58,90,306916,307187
307148,52,50,1,0,0,0,3,1,2,58,90,306916,307199
307172,5003,5000,1,1,0,0,2,0,3,58,90,306916,312174
307186,52,50,1,0,0,0,1,4987,2,58,90,306916,307237
307209,50,50,0,0,0,0,0,318,0,58,90,306916,307258
307351,50,50,0,0,0,0,0,176,0,58,90,306916,307400
307352,5002,5000,1,1,0,0,2,4821,2,58,90,306916,312353
307381,52,50,1,0,0,0,1,163,2,58,90,306916,307432
307382,502,500,1,0,0,1,1,4791,2,58,90,306916,307883
307384,517,500,0,0,0,1,0,143,0,58,90,306916,307900
307384,643,500,0,0,0,2,0,143,0,58,90,306916,308026
307411,5022,5000,0,1,0,1,0,135,0,58,90,306916,312432
307412,5134,5000,0,1,0,2,0,134,0,58,90,306916,312545
313733,50,50,0,0,0,0,0,0,0,59,89,313585,313782
313737,500,500,0,0,0,0,0,46,0,59,89,313585,314236
313884,500,500,0,0,0,0,0,0,0,59,89,313585,314383
313906,502,500,1,0,0,0,5,0,2,59,89,313585,314407
313916,501,500,1,0,0,0,5,1,2,59,89,313585,314416
314004,52,50,1,0,0,0,3,402,2,59,89,313585,314055
314023,51,50,1,0,0,0,2,0,2,59,89,313585,314073
326289,50,50,0,0,0,0,0,0,0,60,82,326184,326338
326380,50,50,0,0,0,0,0,0,0,60,82,326184,326429
326462,500,500,0,0,0,0,0,0,0,60,82,326184,326961
326581,50,50,0,0,0,0,0,381,0,60,82,326184,326630
326618,5001,5000,0,1,0,0,4,1,0,60,82,326184,331618
326628,52,50,1,0,0,0,5,0,2,60,82,326184,326679
326642,50,50,0,0,0,0,0,320,0,60,82,326184,326691
328917,5000,5000,0,1,0,0,0,0,0,61,88,328813,333916
328991,500,500,0,0,0,0,0,0,0,61,88,328813,329490
329031,50,50,0,0,0,0,0,460,0,61,88,328813,329080
329061,501,500,1,0,0,0,1,0,2,61,88,328813,329561
329087,500,500,0,0,0,0,0,404,0,61,88,328813,329586
329142,51,50,1,0,0,0,1,0,2,61,88,328813,329192
329196,502,500,1,0,0,0,2,1,2,61,88,328813,329697
329218,5002,5000,1,1,0,0,2,0,2,61,88,328813,334219
329252,502,500,1,0,0,0,2,4966,2,61,88,328813,329753
329310,52,50,1,0,0,0,1,4908,2,61,88,328813,329361
329484,53,50,1,0,0,0,1,4733,3,62,90,329380,329536
329579,5002,5000,1,1,0,0,2,4639,2,62,90,329380,334580
329645,5003,5000,1,1,0,0,1,4572,3,62,90,329380,334647
329684,50,50,0,0,0,0,0,0,0,62,90,329380,329733
329722,50,50,0,0,0,0,0,12,0,62,90,329380,329771
329743,50,50,0,0,0,0,0,0,0,62,90,329380,329792
329745,502,500,1,0,0,0,1,4473,2,62,90,329380,330246
329787,50,50,0,0,0,0,0,6,0,62,90,329380,329836
329838,500,500,0,0,0,0,0,0,0,62,90,329380,330337
329841,5002,5000,1,1,0,0,1,4377,2,62,90,329380,334842
329844,50,50,0,0,0,0,0,494,0,62,90,329380,329893
334419,5000,5000,0,1,0,0,0,0,0,63,86,334300,339418
334428,5001,5000,0,1,0,0,1,4991,0,63,86,334300,339428
334446,50,50,0,0,0,0,0,0,0,63,86,334300,334495
334550,500,500,0,0,0,0,0,0,0,63,86,334300,335049
334571,5002,5000,1,1,0,0,1,0,2,63,86,334300,339572
334650,5003,5000,1,1,0,0,3,4920,3,63,86,334300,339652
334792,50,50,0,0,0,0,0,258,0,63,86,334300,334841
334797,502,500,1,0,0,0,2,4774,2,63,86,334300,335298
334798,51,50,1,0,0,1,0,4774,1,63,86,334300,334848
344905,50,50,0,0,0,0,0,0,0,64,86,344766,344954
344909,50,50,0,0,0,0,0,46,0,64,86,344766,344958
344912,52,50,1,0,0,0,4,0,2,64,86,344766,344963
344919,5001,5000,1,1,0,0,4,1,2,64,86,344766,349919
344926,52,50,1,0,0,0,3,36,2,64,86,344766,344977
344951,5001,5000,1,1,0,0,2,1,2,64,86,344766,349951
344972,5000,5000,0,1,0,0,0,0,0,64,86,344766,349971
345069,50,50,0,0,0,0,0,0,0,64,86,344766,345118
345150,500,500,0,0,0,0,0,0,0,64,86,344766,345649
345181,500,500,0,0,0,0,0,469,0,64,86,344766,345680
345258,501,500,1,0,0,0,2,0,2,64,86,344766,345758
355204,5000,5000,0,1,0,0,0,0,0,65,85,355097,360203
355220,50,50,0,0,0,0,0,0,0,65,85,355097,355269
355252,50,50,0,0,0,0,0,18,0,65,85,355097,355301
355259,5002,5000,0,1,0,0,1,4945,0,65,85,355097,360260
355259,502,500,2,0,0,1,5,0,2,65,85,355097,355760
355287,50,50,0,0,0,0,0,0,0,65,85,355097,355336
355301,5001,5000,1,1,0,0,3,458,2,65,85,355097,360301
355309,5003,5000,1,1,0,0,3,449,3,65,85,355097,360311
355356,50,50,0,0,0,0,0,0,0,65,85,355097,355405
355415,50,50,0,0,0,0,0,0,0,65,85,355097,355464
355426,50,50,0,0,0,0,0,39,0,65,85,355097,355475
355427,501,500,1,0,0,0,1,332,2,66,86,355291,355927
355439,53,50,1,0,0,0,1,319,3,65,85,355097,355491
355494,50,50,0,0,0,0,0,0,0,66,86,355291,355543
355502,50,50,0,0,0,0,0,42,0,65,85,355097,355551
355512,5003,5000,1,1,0,0,1,246,3,65,85,355097,360514
355526,68,50,0,0,0,0,0,18,0,65,85,355097,355593
355576,500,500,0,0,0,0,0,18,0,65,85,355097,356075
355602,50,50,0,0,0,0,0,0,0,66,86,355291,355651
355668,50,50,0,0,0,0,0,0,0,66,86,355291,355717
367054,50,50,0,0,0,0,0,0,0,67,89,366812,367103
367060,50,50,0,0,0,0,0,44,0,67,89,366812,367109
367134,5001,5000,0,1,0,0,3,1,0,67,89,366812,372134
367163,50,50,0,0,0,0,0,0,0,67,89,366812,367212
367204,500,500,0,0,0,0,0,9,0,67,89,366812,367703
367210,5001,5000,0,1,0,0,4,1,0,67,89,366812,372210
367214,500,500,0,0,0,0,0,0,0,67,89,366812,367713
367275,5002,5000,1,1,0,0,5,0,2,67,89,366812,372276
367275,5002,5000,1,1,0,1,5,0,2,67,89,366812,372276
367276,54,50,1,0,0,2,3,4997,4,67,89,366812,367329
367280,502,500,1,0,0,1,1,4995,2,67,89,366812,367781
367285,53,50,1,0,0,0,1,4989,3,67,89,366812,367337
367292,90,50,1,0,0,0,1,4945,40,67,89,366812,367381
370334,5001,5000,1,1,0,0,1,1941,2,68,81,370175,375334
370348,50,50,0,0,0,0,0,0,0,68,81,370175,370397
370374,5003,5000,1,1,0,0,2,1900,3,68,81,370175,375376
370431,50,50,0,0,0,0,0,0,0,68,81,370175,370480
370449,50,50,0,0,0,0,0,32,0,68,81,370175,370498
370464,54,50,1,0,0,0,1,1809,4,68,81,370175,370517
370574,50,50,0,0,0,0,0,0,0,68,81,370175,370623
370604,50,50,0,0,0,0,0,20,0,68,81,370175,370653
373985,50,50,0,0,0,0,0,0,0,69,88,373856,374034
373987,50,50,0,0,0,0,0,48,0,69,88,373856,374036
374007,502,500,1,0,0,0,5,0,2,69,88,373856,374508
374068,50,50,0,0,0,0,0,0,0,69,88,373856,374117
374073,5001,5000,0,1,0,0,1,436,0,69,88,373856,379073
374076,50,50,0,0,0,0,0,42,0,69,88,373856,374125
374151,500,500,0,0,0,0,0,0,0,69,88,373856,374650
374171,500,500,0,0,0,0,0,480,0,69,88,373856,374670
374183,5002,5000,1,1,0,0,1,0,2,69,88,373856,379184
374193,54,50,1,0,0,0,2,4988,4,69,88,373856,374246
374210,52,50,1,0,0,0,1,4973,2,69,88,373856,374261
374214,85,50,1,0,0,0,1,4936,35,69,88,373856,374298
374234,531,500,1,0,0,1,2,4920,31,69,88,373856,374764
374331,503,500,1,0,0,0,1,4851,3,69,88,373856,374833
381903,5000,5000,0,1,0,0,0,0,0,70,83,381782,386902
381985,5001,5000,0,1,0,0,4,4918,0,70,83,381782,386985
382019,50,50,0,0,0,0,0,0,0,70,83,381782,382068
382022,5003,5000,1,1,0,0,2,0,3,70,83,381782,387024
382073,5003,5000,1,1,0,0,4,4949,3,70,83,381782,387075
382126,50,50,0,0,0,0,0,0,0,70,83,381782,382175
382196,50,50,0,0,0,0,0,0,0,70,83,381782,382245
382438,5002,5000,1,1,0,0,3,4585,2,71,84,382333,387439
382479,5001,5000,1,1,0,0,1,4544,2,71,84,382333,387479
382481,50,50,0,0,0,0,0,0,0,71,84,382333,382530
382523,50,50,0,0,0,0,0,8,0,71,84,382333,382572
382585,500,500,0,0,0,0,0,0,0,71,84,382333,383084
382587,5003,5000,1,1,0,0,1,4435,3,71,84,382333,387589
382652,50,50,0,0,0,0,0,433,0,71,84,382333,382701
382671,9232,5000,0,1,0,0,0,4232,0,71,84,382333,391902
382689,63,50,0,0,0,1,0,396,0,71,84,382333,382751
382696,9290,5000,0,1,0,2,0,4207,0,71,84,382333,391985
382754,500,500,0,0,0,2,0,331,0,71,84,382333,383253
382763,372,50,0,0,0,2,0,322,0,71,84,382333,383134
382780,405,50,0,0,0,3,0,305,0,71,84,382333,383184
382958,9070,5000,1,1,1,4,1,0,4070,72,88,382832,392027
382995,9081,5000,1,1,2,5,1,0,4033,72,88,382832,392075
383021,214,50,0,0,1,6,0,64,0,72,88,382832,383234
383028,9412,5000,1,1,3,7,1,0,4000,72,88,382832,392439
383048,237,50,0,0,2,8,0,37,0,72,88,382832,383284
383054,250,50,0,0,3,9,0,31,0,72,88,382832,383303
383201,9279,5000,1,1,4,7,1,0,3827,72,88,382832,392479
383218,9372,5000,1,1,5,8,1,0,3810,72,88,382832,392589
383234,551,500,0,0,1,9,0,1,0,72,88,382832,383784
383260,94,50,0,0,0,8,0,25,0,72,88,382832,383353
383263,141,50,0,0,1,9,0,22,0,72,88,382832,383403
383274,630,500,0,0,2,10,0,11,0,72,88,382832,383903
383299,986,500,0,0,2,10,0,486,0,72,88,382832,384284
383331,1073,500,0,0,2,10,0,454,0,72,88,382832,384403
383536,1249,500,0,0,1,9,0,249,0,73,85,383421,384784
383552,902,50,0,0,2,10,0,233,0,73,85,383421,384453
383554,1400,500,0,0,3,11,0,231,0,73,85,383421,384953
383565,13338,5000,0,1,6,12,1,3338,0,73,85,383421,396902
383593,1242,50,0,0,4,13,0,192,0,73,85,383421,384834
383627,13359,5000,0,1,7,14,1,3276,0,73,85,383421,396985
383743,1142,50,0,0,5,15,0,42,0,73,85,383421,384884
383811,1124,50,0,0,5,15,0,474,0,73,85,383421,384934
383815,13216,5000,1,1,8,16,2,0,8216,73,85,383421,397030
383845,13231,5000,1,1,9,17,2,0,8186,73,85,383421,397075
385788,50,50,0,0,0,11,0,0,0,74,89,385653,385837
385799,11643,5000,1,1,10,11,3,4589,6643,74,89,385653,397441
385808,500,500,0,0,0,12,0,30,0,74,89,385653,386307
385821,67,50,0,0,0,12,0,17,0,74,89,385653,385887
385873,65,50,0,0,0,12,0,15,0,74,89,385653,385937
385892,546,500,0,0,0,12,0,46,0,74,89,385653,386437
385934,424,50,0,0,0,13,0,4,0,74,89,385653,386357
385967,441,50,0,0,0,13,0,471,0,74,89,385653,386407
386031,427,50,0,0,1,14,0,407,0,74,89,385653,386457
386112,376,50,0,0,2,15,0,326,0,74,89,385653,386487
392130,500,500,0,0,0,1,0,0,0,75,84,391952,392629
392134,5346,5000,1,1,0,1,1,4589,308,75,84,391952,397479
392135,50,50,0,0,0,2,0,495,0,75,84,391952,392184
392155,530,500,0,0,0,2,0,475,0,75,84,391952,392684
392178,502,50,0,0,0,3,0,452,0,75,84,391952,392679
392187,5403,5000,1,1,1,3,1,4589,255,75,84,391952,397589
392265,9638,5000,0,1,2,4,1,4638,0,75,84,391952,401902
392269,461,50,0,0,0,5,0,361,0,75,84,391952,392729
392280,455,50,0,0,1,6,0,350,0,75,84,391952,392734
392290,9696,5000,0,1,3,7,1,4613,0,75,84,391952,401985
392339,441,50,0,0,2,8,0,291,0,75,84,391952,392779
392349,436,50,0,0,3,9,0,281,0,75,84,391952,392784
392362,468,50,0,0,4,10,0,268,0,75,84,391952,392829
392385,900,500,0,0,5,11,0,245,0,75,84,391952,393284
392408,472,50,0,0,6,12,0,222,0,75,84,391952,392879
392571,359,50,0,0,7,11,0,59,0,76,85,392436,392929
392581,399,50,0,0,8,12,0,49,0,76,85,392436,392979
392588,9445,5000,1,1,1,13,1,0,4445,76,85,392436,402032
392642,388,50,0,0,8,12,0,38,0,76,85,392436,393029
392651,429,50,0,0,9,13,0,29,0,76,85,392436,393079
392659,471,50,0,0,10,14,0,21,0,76,85,392436,393129
392661,969,500,0,0,11,15,0,19,0,76,85,392436,393629
392682,653,50,0,0,11,15,0,48,0,76,85,392436,393334
392723,662,50,0,0,11,15,0,7,0,76,85,392436,393384
392748,687,50,0,0,10,14,0,32,0,76,85,392436,393434
392844,641,50,0,0,8,12,0,36,0,76,85,392436,393484
392879,656,50,0,0,9,13,0,1,0,76,85,392436,393534
392882,703,50,0,0,9,13,0,48,0,76,85,392436,393584
392932,703,50,0,0,9,13,0,48,0,76,85,392436,393634
395548,50,50,0,0,0,3,0,0,0,77,81,395445,395597
395601,50,50,0,0,0,3,0,0,0,77,81,395445,395650
395613,50,50,0,0,0,3,0,38,0,77,81,395445,395662
395630,71,50,0,0,0,3,0,21,0,77,81,395445,395700
395656,57,50,0,0,0,3,0,45,0,77,81,395445,395712
395688,6388,5000,1,1,2,3,1,0,1345,77,81,395445,402075
395718,50,50,0,0,0,4,0,0,0,77,81,395445,395767
395768,50,50,0,0,0,4,0,0,0,77,81,395445,395817
395774,50,50,0,0,0,4,0,44,0,77,81,395445,395823
395799,6646,5000,1,1,3,4,2,4588,1646,77,81,395445,402444
395807,511,500,0,0,0,5,0,11,0,77,81,395445,396317
395880,50,50,0,0,0,5,0,438,0,77,81,395445,395929
395939,50,50,0,0,0,5,0,379,0,77,81,395445,395988
397472,500,500,0,0,0,0,0,0,0,78,86,397308,397971
397491,50,50,0,0,0,0,0,481,0,78,86,397308,397540
397550,500,500,0,0,0,0,0,422,0,78,86,397308,398049
397566,5002,5000,1,1,0,0,1,4465,2,78,86,397308,402567
397600,52,50,1,0,0,0,1,4431,2,78,86,397308,397651
397601,5053,5000,1,1,0,1,1,4379,53,78,86,397308,402653
397621,9282,5000,0,1,0,1,1,4282,0,78,86,397308,406902
397626,396,50,0,0,0,2,0,346,0,78,86,397308,398021
397658,414,50,0,0,0,2,0,314,0,78,86,397308,398071
397705,395,50,0,0,1,3,0,267,0,78,86,397308,398099
397712,410,50,0,0,2,4,0,260,0,78,86,397308,398121
397731,419,50,0,0,3,5,0,241,0,78,86,397308,398149
397749,9237,5000,0,1,0,6,0,4154,0,78,86,397308,406985
397758,414,50,0,0,4,7,0,214,0,78,86,397308,398171
407898,50,50,0,0,0,0,0,0,0,79,81,407783,407947
407964,500,500,0,0,0,0,0,0,0,79,81,407783,408463
407966,5001,5000,0,1,0,0,2,1,0,79,81,407783,412966
407994,5000,5000,0,1,0,0,0,4973,0,79,81,407783,412993
408043,50,50,0,0,0,0,0,421,0,79,81,407783,408092
408076,503,500,1,0,0,0,2,0,3,79,81,407783,408578
408098,500,500,0,0,0,0,0,366,0,79,81,407783,408597
408129,52,50,1,0,0,0,4,448,2,79,81,407783,408180
408264,502,500,1,0,0,0,1,313,2,79,81,407783,408765
418150,500,500,0,0,0,0,0,0,0,80,89,418046,418649
418191,500,500,0,0,0,0,0,459,0,80,89,418046,418690
418230,502,500,1,0,0,0,6,0,2,80,89,418046,418731
418240,52,50,1,0,0,0,5,490,2,80,89,418046,418291
418270,52,50,1,0,0,0,4,0,2,80,89,418046,418321
418280,501,500,1,0,0,0,2,40,2,80,89,418046,418780
418476,5002,5000,1,1,0,0,4,0,2,80,89,418046,423477
418477,5001,5000,1,1,0,1,0,0,1,80,89,418046,423477
418497,502,500,1,0,0,0,1,233,2,80,89,418046,418998
421735,50,50,0,0,0,0,0,0,0,81,84,421630,421784
421783,50,50,0,0,0,0,0,2,0,81,84,421630,421832
421829,5000,5000,0,1,0,0,0,0,0,81,84,421630,426828
421843,50,50,0,0,0,0,0,0,0,81,84,421630,421892
421915,50,50,0,0,0,0,0,0,0,81,84,421630,421964
421917,5000,5000,0,1,0,0,0,4912,0,81,84,421630,426916
421950,500,500,0,0,0,0,0,15,0,81,84,421630,422449
421967,50,50,0,0,0,0,0,0,0,81,84,421630,422016
421970,52,50,1,0,0,0,2,1506,2,81,84,421630,422021
422053,50,50,0,0,0,0,0,0,0,81,84,421630,422102
433997,5000,5000,0,1,0,0,0,0,0,82,85,433866,438996
434114,50,50,0,0,0,0,0,0,0,82,85,433866,434163
434167,500,500,0,0,0,0,0,0,0,82,85,433866,434666
434183,5001,5000,0,1,0,0,3,4814,0,82,85,433866,439183
434221,50,50,0,0,0,0,0,446,0,82,85,433866,434270
434302,500,500,0,0,0,0,0,365,0,82,85,433866,434801
434318,5002,5000,1,1,0,0,4,1,2,82,85,433866,439319
470003,500,500,0,0,0,0,0,0,0,83,84,469888,470502
470062,50,50,0,0,0,0,0,441,0,83,84,469888,470111
470082,5000,5000,0,1,0,0,0,1,0,83,84,469888,475081
470082,5001,5000,0,1,0,1,1,1,0,83,84,469888,475082
470098,51,50,1,0,0,0,3,0,2,83,84,469888,470148
470108,52,50,1,0,0,0,4,1,2,83,84,469888,470159
470142,50,50,0,0,0,0,0,361,0,83,84,469888,470191
470145,52,50,1,0,0,0,1,1,2,83,84,469888,470196
470147,51,50,1,0,0,1,1,0,2,83,84,469888,470197
470159,5001,5000,1,1,0,0,2,0,2,83,84,469888,475159
470260,50,50,0,0,0,0,0,243,0,83,84,469888,470309
470278,5001,5000,1,1,0,0,3,1,2,83,84,469888,475278
470303,501,500,1,0,0,0,1,0,2,83,84,469888,470803
470360,5002,5000,1,1,0,0,2,0,2,83,84,469888,475361
473229,500,500,0,0,0,0,0,0,0,84,83,473081,473728
473249,50,50,0,0,0,0,0,480,0,84,83,473081,473298
473270,52,50,1,0,0,0,2,2090,2,84,83,473081,473321
473299,50,50,0,0,0,0,0,430,0,84,83,473081,473348
473369,5002,5000,1,1,0,0,2,1991,2,84,83,473081,478370
473369,50,50,0,0,0,1,0,360,0,84,83,473081,473418
473424,50,50,0,0,0,0,0,305,0,84,83,473081,473473
473469,54,50,1,0,0,0,1,1889,4,84,83,473081,473522
473471,53,50,0,0,0,1,1,258,0,84,83,473081,473523
473501,523,500,0,0,0,0,0,228,0,84,83,473081,474023
473529,5003,5000,1,1,0,0,1,1830,3,84,83,473081,478531
473543,6539,5000,0,1,0,0,0,1540,0,84,83,473081,480081
473574,655,500,0,0,0,1,0,155,0,84,83,473081,474228
479890,50,50,0,0,0,0,0,0,0,85,86,479707,479939
479892,500,500,0,0,0,0,0,48,0,85,86,479707,480391
479902,52,50,1,0,0,0,3,0,2,85,86,479707,479953
479940,50,50,0,0,0,0,0,0,0,85,86,479707,479989
479992,50,50,0,0,0,0,0,0,0,85,86,479707,480041
479994,52,50,1,0,0,0,3,0,2,85,86,479707,480045
480000,5001,5000,1,1,0,0,2,1,2,85,86,479707,485000
480016,51,50,1,0,0,0,1,0,2,85,86,479707,480066
480024,51,50,1,0,0,0,1,0,2,85,86,479707,480074
480029,53,50,1,0,0,0,2,0,3,85,86,479707,480081
480040,52,50,1,0,0,0,1,40,2,85,86,479707,480091
480044,50,50,0,0,0,0,0,0,0,85,86,479707,480093
480061,53,50,1,0,0,0,1,0,3,85,86,479707,480113
480072,5003,5000,1,1,0,0,1,7,3,85,86,479707,485074
480108,50,50,0,0,0,0,0,0,0,85,86,479707,480157
480188,5000,5000,0,1,0,0,0,1,0,85,86,479707,485187
483313,50,50,0,0,0,0,0,0,0,86,80,483201,483362
483321,50,50,0,0,0,0,0,42,0,86,80,483201,483370
483342,5001,5000,0,1,0,0,2,1,0,86,80,483201,488342
483417,5001,5000,1,1,0,0,2,0,2,86,80,483201,488417
483428,50,50,0,0,0,0,0,0,0,86,80,483201,483477
483452,50,50,0,0,0,0,0,26,0,86,80,483201,483501
483487,5002,5000,1,1,0,0,2,0,2,86,80,483201,488488
483533,50,50,0,0,0,0,0,0,0,86,80,483201,483582
483562,50,50,0,0,0,0,0,21,0,86,80,483201,483611
483570,503,500,1,0,0,0,1,4916,3,86,80,483201,484072
483588,50,50,0,0,0,0,0,0,0,86,80,483201,483637
483594,518,500,0,0,0,0,0,44,0,86,80,483201,484111
483599,89,50,0,0,0,1,0,39,0,86,80,483201,483687
483645,543,500,0,0,0,0,0,43,0,86,80,483201,484187
486686,5001,5000,0,1,0,0,2,1657,0,87,83,486581,491686
486709,50,50,0,0,0,0,0,0,0,87,83,486581,486758
486721,50,50,0,0,0,0,0,38,0,87,83,486581,486770
486741,501,500,1,0,0,0,2,1746,2,87,83,486581,487241
486749,5002,5000,1,1,0,0,1,1738,2,87,83,486581,491750
486778,5002,5000,1,1,0,0,1,1709,2,87,83,486581,491779
486779,50,50,0,0,0,1,0,0,0,87,83,486581,486828
486837,50,50,0,0,0,0,0,0,0,87,83,486581,486886
486865,50,50,0,0,0,0,0,22,0,87,83,486581,486914
486866,71,50,0,0,0,0,0,21,0,87,83,486581,486936
486876,539,500,0,0,0,1,0,11,0,87,83,486581,487414
486877,5367,5000,1,1,0,2,1,1245,367,87,83,486581,492243
486893,6450,5000,0,1,0,2,1,1450,0,87,83,486581,493342
486956,50,50,0,0,0,2,0,0,0,87,83,486581,487005
486998,58,50,0,0,0,2,0,8,0,87,83,486581,487055
487072,50,50,0,0,0,2,0,0,0,87,83,486581,487121
491996,500,500,0,0,0,0,0,0,0,88,89,491823,492495
492008,50,50,0,0,0,0,0,488,0,88,89,491823,492057
492097,50,50,0,0,0,0,0,399,0,88,89,491823,492146
492131,502,500,1,0,0,0,3,1210,2,88,89,491823,492632
492138,51,50,1,0,0,0,2,0,2,88,89,491823,492188
492140,52,50,1,0,0,0,2,1,2,88,89,491823,492191
492181,50,50,0,0,0,0,0,315,0,88,89,491823,492230
492188,501,500,1,0,0,0,1,0,2,89,90,492062,492688
492194,52,50,1,0,0,0,2,0,2,89,90,492062,492245
492199,5002,5000,1,1,0,0,2,45,2,89,90,492062,497200
492212,52,50,1,0,0,0,1,32,2,89,90,492062,492263
492228,53,50,0,0,0,0,0,268,0,89,90,492062,492280
492234,63,50,1,0,0,0,1,1,13,89,90,492062,492296
492249,53,50,1,0,0,0,1,0,3,89,90,492062,492301
492266,53,50,1,0,0,0,1,33,3,88,89,491823,492318
492311,500,500,0,0,0,0,0,185,0,88,89,491823,492810
492320,502,500,1,0,0,0,3,1,2,89,90,492062,492821
492359,503,500,1,0,0,0,2,1,3,89,90,492062,492861
492454,53,50,1,0,0,0,1,0,3,89,90,492062,492506
492526,50,50,0,0,0,0,0,0,0,89,90,492062,492575
492546,52,50,1,0,0,0,1,0,2,89,90,492062,492597
492554,5047,5000,1,1,0,0,1,0,47,89,90,492062,497600
492556,70,50,0,0,0,1,0,20,0,89,90,492062,492625
498268,50,50,0,0,0,0,0,0,0,90,88,498126,498317
498304,50,50,0,0,0,0,0,14,0,90,88,498126,498353
498320,50,50,0,0,0,0,0,0,0,90,88,498126,498369
498340,5000,5000,0,1,0,0,0,0,0,90,88,498126,503339
498454,50,50,0,0,0,0,0,0,0,90,88,498126,498503
498541,50,50,0,0,0,0,0,0,0,90,88,498126,498590
498574,500,500,0,0,0,0,0,17,0,90,88,498126,499073
498577,52,50,1,0,0,0,4,4761,2,90,88,498126,498628
498601,50,50,0,0,0,0,0,0,0,90,88,498126,498650
503177,50,50,0,0,0,0,0,0,0,91,87,503052,503226
503202,5001,5000,0,1,0,0,4,138,0,91,87,503052,508202
503216,50,50,0,0,0,0,0,11,0,91,87,503052,503265
503242,50,50,0,0,0,0,0,0,0,91,87,503052,503291
503254,52,50,1,0,0,0,1,1,2,91,87,503052,503305
503267,50,50,0,0,0,0,0,25,0,91,87,503052,503316
503325,500,500,0,0,0,0,0,0,0,91,87,503052,503824
503373,50,50,0,0,0,0,0,452,0,91,87,503052,503422
503433,5001,5000,0,1,0,0,2,1,0,91,87,503052,508433
503476,50,50,0,0,0,0,0,349,0,91,87,503052,503525
503500,51,50,1,0,0,0,3,0,2,91,87,503052,503550
503513,5002,5000,1,1,0,0,3,0,2,91,87,503052,508514
503533,50,50,0,0,0,0,0,292,0,91,87,503052,503582
503535,52,50,1,0,0,0,3,4978,2,91,87,503052,503586
508940,500,500,0,0,0,0,0,0,0,92,86,508809,509439
508965,50,50,0,0,0,0,0,475,0,92,86,508809,509014
509012,5000,5000,0,1,0,0,0,0,0,92,86,508809,514011
509023,5000,5000,0,1,0,0,0,4989,0,92,86,508809,514022
509052,5002,5000,1,1,0,0,5,1,2,92,86,508809,514053
509103,5002,5000,1,1,0,0,3,1,2,92,86,508809,514104
509112,50,50,0,0,0,0,0,328,0,92,86,508809,509161
509208,50,50,0,0,0,0,0,232,0,92,86,508809,509257
509217,53,50,1,0,0,0,2,0,3,92,86,508809,509269
517192,50,50,0,0,0,0,0,0,0,93,81,517078,517241
517256,50,50,0,0,0,0,0,0,0,93,81,517078,517305
517341,500,500,0,0,0,0,0,0,0,93,81,517078,517840
517344,50,50,0,0,0,0,0,497,0,93,81,517078,517393
517350,502,500,1,0,0,0,6,0,2,93,81,517078,517851
517460,500,500,0,0,0,0,0,381,0,93,81,517078,517959
517475,502,500,1,0,0,0,3,375,2,93,81,517078,517976
517502,502,500,1,0,0,0,3,1,2,93,81,517078,518003
517755,501,500,1,0,0,0,3,1,2,94,81,517646,518255
517766,5001,5000,1,1,0,0,1,0,2,94,81,517646,522766
517889,50,50,0,0,0,0,0,0,0,94,81,517646,517938
517890,52,50,1,0,0,0,2,1,2,94,81,517646,517941
517926,52,50,1,0,0,0,1,0,2,94,81,517646,517977
517993,500,500,0,0,0,0,0,0,0,94,81,517646,518492
518033,50,50,0,0,0,0,0,460,0,94,81,517646,518082
518039,52,50,1,0,0,0,4,0,2,94,81,517646,518090
518041,52,50,1,0,0,1,1,48,2,94,81,517646,518092
522868,50,50,0,0,0,0,0,0,0,95,89,522717,522917
522881,50,50,0,0,0,0,0,37,0,95,89,522717,522930
522891,52,50,1,0,0,0,5,0,2,95,89,522717,522942
522920,500,500,0,0,0,0,0,0,0,95,89,522717,523419
522928,5002,5000,0,1,0,0,1,15,0,95,89,522717,527929
522928,52,50,2,0,0,1,5,0,2,95,89,522717,522979
522968,50,50,0,0,0,0,0,452,0,95,89,522717,523017
523003,5000,5000,0,1,0,0,0,0,0,95,89,522717,528002
523051,500,500,0,0,0,0,0,369,0,95,89,522717,523550
523079,52,50,1,0,0,0,3,1,2,95,89,522717,523130
523096,502,500,1,0,0,0,4,0,2,95,89,522717,523597
523119,5001,5000,1,1,0,0,2,477,2,95,89,522717,528119
523180,52,50,1,0,0,0,3,416,2,95,89,522717,523231
533051,50,50,0,0,0,0,0,0,0,96,84,532942,533100
533105,50,50,0,0,0,0,0,0,0,96,84,532942,533154
533119,50,50,0,0,0,0,0,36,0,96,84,532942,533168
533131,502,500,1,0,0,0,5,0,2,96,84,532942,533632
533210,50,50,0,0,0,0,0,0,0,96,84,532942,533259
533218,500,500,0,0,0,0,0,42,0,96,84,532942,533717
533240,502,500,1,0,0,0,4,391,2,96,84,532942,533741
533241,500,500,1,0,0,1,0,0,1,96,84,532942,533740
533271,5002,5000,1,1,0,0,3,0,2,96,84,532942,538272
533352,5001,5000,1,1,0,0,2,4919,2,96,84,532942,538352
533365,50,50,0,0,0,0,0,0,0,96,84,532942,533414
533377,52,50,1,0,0,0,2,4894,2,96,84,532942,533428
533430,5003,5000,1,1,0,0,2,4840,3,96,84,532942,538432
545768,50,50,0,0,0,0,0,0,0,97,81,545588,545817
545879,50,50,0,0,0,0,0,0,0,97,81,545588,545928
545892,50,50,0,0,0,0,0,37,0,97,81,545588,545941
545924,502,500,1,0,0,0,5,0,2,97,81,545588,546425
545948,5001,5000,0,1,0,0,2,478,0,97,81,545588,550948
546009,5002,5000,1,1,0,0,5,1,2,97,81,545588,551010
555751,50,50,0,0,0,0,0,0,0,98,87,555645,555800
555795,50,50,0,0,0,0,0,6,0,98,87,555645,555844
555819,500,500,0,0,0,0,0,0,0,98,87,555645,556318
555821,52,50,1,0,0,0,7,1,2,98,87,555645,555872
555949,5000,5000,0,1,0,0,0,0,0,98,87,555645,560948
555965,50,50,0,0,0,0,0,354,0,98,87,555645,556014
555973,52,50,1,0,0,0,3,4974,2,98,87,555645,556024
555988,501,500,1,0,0,0,3,0,2,98,87,555645,556488
556015,5002,5000,1,1,0,0,3,1,2,98,87,555645,561016
556051,500,500,0,0,0,0,0,268,0,98,87,555645,556550
556271,502,500,1,0,0,0,2,4676,2,99,83,556169,556772
556293,53,50,1,0,0,0,2,0,3,99,83,556169,556345
556316,5002,5000,1,1,0,0,2,28,2,99,83,556169,561317
556333,50,50,0,0,0,0,0,0,0,99,83,556169,556382
556336,52,50,1,0,0,0,1,8,2,99,83,556169,556387
556355,54,50,1,0,0,0,1,0,4,99,83,556169,556408
556412,50,50,0,0,0,0,0,0,0,99,83,556169,556461
556417,5002,5000,1,1,0,0,1,0,2,99,83,556169,561418
556448,53,50,1,0,0,0,1,4968,3,99,83,556169,556500
556484,50,50,0,0,0,0,0,0,0,99,83,556169,556533
556486,56,50,1,0,0,0,1,4927,6,99,83,556169,556541
556537,5002,5000,1,1,0,0,1,4880,2,99,83,556169,561538
556561,5002,5000,1,1,0,0,1,4856,2,99,83,556169,561562
556661,50,50,0,0,0,0,0,0,0,99,83,556169,556710
558442,5000,5000,0,1,0,0,0,2507,0,100,89,558262,563441
558474,50,50,0,0,0,0,0,0,0,100,89,558262,558523
558475,50,50,0,0,0,0,0,49,0,100,89,558262,558524
558536,50,50,0,0,0,0,0,0,0,100,89,558262,558585
558565,7384,5000,0,1,0,0,0,2384,0,100,89,558262,565948
558624,50,50,0,0,0,1,0,0,0,100,89,558262,558673
558649,50,50,0,0,0,1,0,25,0,100,89,558262,558698
558674,7345,5000,1,1,0,1,1,400,2345,100,89,558262,566018
558725,50,50,0,0,0,2,0,0,0,100,89,558262,558774
572689,50,50,0,0,0,0,0,0,0,101,90,572578,572738
572701,50,50,0,0,0,0,0,38,0,101,90,572578,572750
572740,5000,5000,0,1,0,0,0,0,0,101,90,572578,577739
572776,500,500,0,0,0,0,0,0,0,101,90,572578,573275
572855,5001,5000,0,1,0,0,2,4885,0,101,90,572578,577855
572869,500,500,0,0,0,0,0,407,0,101,90,572578,573368
572926,501,500,1,0,0,0,2,0,2,101,90,572578,573426
572928,52,50,1,0,0,0,3,0,2,101,90,572578,572979
572934,51,50,1,0,0,0,1,44,2,101,90,572578,572984
572971,5003,5000,1,1,0,0,2,6,3,101,90,572578,577973
573014,5001,5000,1,1,0,0,2,0,2,101,90,572578,578014
573024,5003,5000,1,1,0,0,2,0,3,101,90,572578,578026
573056,502,500,1,0,0,0,1,4969,2,101,90,572578,573557
573060,266,50,0,0,0,0,0,216,0,101,90,572578,573325
574111,5002,5000,1,1,0,0,2,3914,2,102,88,574007,579112
574161,500,500,0,0,0,0,0,0,0,102,88,574007,574660
574236,5003,5000,1,1,0,0,1,3788,3,102,88,574007,579238
574239,8501,5000,0,1,0,1,0,3501,0,102,88,574007,582739
574252,500,500,0,0,0,1,0,409,0,102,88,574007,574751
574279,8577,5000,0,1,0,1,0,3461,0,102,88,574007,582855
574364,347,50,0,0,0,2,0,297,0,102,88,574007,574710
574410,351,50,0,0,0,3,0,251,0,102,88,574007,574760
574451,801,500,0,0,1,4,0,210,0,102,88,574007,575251
574493,318,50,0,0,2,5,0,168,0,102,88,574007,574810
574727,134,50,0,0,1,4,0,34,0,103,80,574615,574860
574815,96,50,0,0,0,2,0,46,0,103,80,574615,574910
574830,131,50,0,0,0,3,0,31,0,103,80,574615,574960
574864,597,500,0,0,0,3,0,47,0,103,80,574615,575460
574925,377,50,0,0,0,3,0,36,0,103,80,574615,575301
574945,407,50,0,0,1,4,0,16,0,103,80,574615,575351
575017,385,50,0,0,1,4,0,444,0,103,80,574615,575401
575064,388,50,0,0,2,5,0,397,0,103,80,574615,575451
575103,849,500,0,0,3,6,0,358,0,103,80,574615,575951
575831,500,500,0,0,0,2,0,0,0,104,89,575594,576330
575928,74,50,0,0,0,2,0,403,0,104,89,575594,576001
576022,50,50,0,0,0,2,0,309,0,104,89,575594,576071
576057,65,50,0,0,0,2,0,274,0,104,89,575594,576121
590468,50,50,0,0,0,0,0,0,0,105,83,590164,590517
590471,500,500,0,0,0,0,0,47,0,105,83,590164,590970
590473,52,50,1,0,0,0,5,0,2,105,83,590164,590524
590494,52,50,1,0,0,0,2,29,2,105,83,590164,590545
590509,52,50,1,0,0,0,2,1,2,105,83,590164,590560
590516,5001,5000,1,1,0,0,3,0,2,105,83,590164,595516
590528,50,50,0,0,0,0,0,0,0,105,83,590164,590577
590542,51,50,1,0,0,0,3,0,2,105,83,590164,590592
590623,50,50,0,0,0,0,0,0,0,105,83,590164,590672
590625,52,50,1,0,0,0,3,1,2,105,83,590164,590676
591172,50,50,0,0,0,0,0,0,0,106,81,590909,591221
591338,50,50,0,0,0,0,0,0,0,106,81,590909,591387
593289,500,500,0,0,0,0,0,0,0,107,82,593168,593788
593291,50,50,0,0,0,0,0,498,0,107,82,593168,593340
593315,52,50,1,0,0,0,4,1,2,107,82,593168,593366
593319,52,50,1,0,0,0,2,0,2,107,82,593168,593370
593320,500,500,1,0,0,1,0,0,1,107,82,593168,593819
593382,50,50,0,0,0,0,0,407,0,107,82,593168,593431
593393,502,500,1,0,0,0,4,0,2,107,82,593168,593894
593459,50,50,0,0,0,0,0,330,0,107,82,593168,593508
593492,502,500,1,0,0,0,3,1,2,107,82,593168,593993
593551,50,50,0,0,0,0,0,238,0,107,82,593168,593600
593553,502,500,1,0,0,0,2,0,2,107,82,593168,594054
593566,5002,5000,1,1,0,0,1,327,2,107,82,593168,598567
593590,52,50,1,0,0,0,1,303,2,107,82,593168,593641
593973,50,50,0,0,0,0,0,0,0,108,82,593702,594022
593987,50,50,0,0,0,0,0,36,0,108,82,593702,594036
594061,5001,5000,0,1,0,0,0,1,0,108,82,593702,599061
594136,50,50,0,0,0,0,0,0,0,108,82,593702,594185
599215,5000,5000,0,1,0,0,0,0,0,109,82,599015,604214
599285,50,50,0,0,0,0,0,0,0,109,82,599015,599334
599367,500,500,0,0,0,0,0,0,0,109,82,599015,599866
599405,50,50,0,0,0,0,0,462,0,109,82,599015,599454
599426,5002,5000,1,1,0,0,5,1,2,109,82,599015,604427
599432,52,50,1,0,0,0,3,1,2,109,82,599015,599483
599456,50,50,0,0,0,0,0,411,0,109,82,599015,599505
599462,51,50,1,0,0,0,2,0,2,109,82,599015,599512
603999,50,50,0,0,0,0,0,0,0,110,85,603822,604048
604095,50,50,0,0,0,0,0,0,0,110,85,603822,604144
604176,50,50,0,0,0,0,0,0,0,110,85,603822,604225
604215,50,50,0,0,0,0,0,11,0,110,85,603822,604264
604310,50,50,0,0,0,0,0,0,0,110,85,603822,604359
608235,500,500,0,0,0,0,0,0,0,111,90,608118,608734
608300,500,500,0,0,0,0,0,435,0,111,90,608118,608799
608302,5000,5000,0,1,0,0,0,0,0,111,90,608118,613301
608346,51,50,1,0,0,0,4,1,2,111,90,608118,608396
608418,52,50,1,0,0,0,5,4882,2,111,90,608118,608469
608459,51,50,1,0,0,0,3,0,2,111,90,608118,608509
608469,5001,5000,0,1,0,0,4,4833,0,111,90,608118,613469
608483,5002,5000,1,1,0,0,4,0,2,111,90,608118,613484
608512,53,50,1,0,0,0,4,4970,3,111,90,608118,608564
608569,51,50,1,0,0,0,3,4914,2,111,90,608118,608619
608616,52,50,1,0,0,0,3,4867,2,111,90,608118,608667
615337,50,50,0,0,0,0,0,0,0,112,82,615216,615386
615366,50,50,0,0,0,0,0,21,0,112,82,615216,615415
615372,502,500,1,0,0,0,4,1,2,112,82,615216,615873
615381,52,50,1,0,0,0,3,0,2,112,82,615216,615432
615404,500,500,0,0,0,0,0,0,0,112,82,615216,615903
615514,50,50,0,0,0,0,0,390,0,112,82,615216,615563
615650,50,50,0,0,0,0,0,254,0,112,82,615216,615699
620690,5000,5000,0,1,0,0,0,1,0,113,88,620573,625689
620710,500,500,0,0,0,0,0,0,0,113,88,620573,621209
620728,50,50,0,0,0,0,0,482,0,113,88,620573,620777
620868,50,50,0,0,0,0,0,342,0,113,88,620573,620917
620877,52,50,1,0,0,0,5,0,2,113,88,620573,620928
620903,51,50,1,0,0,0,1,0,2,113,88,620573,620953
620925,50,50,0,0,0,0,0,285,0,113,88,620573,620974
620958,52,50,1,0,0,0,2,0,2,113,88,620573,621009
622082,50,50,0,0,0,0,0,0,0,114,85,621860,622131
622120,5000,5000,0,1,0,0,0,0,0,114,85,621860,627119
622139,50,50,0,0,0,0,0,0,0,114,85,621860,622188
622147,50,50,0,0,0,0,0,42,0,114,85,621860,622196
622150,502,500,1,0,0,0,4,1,2,114,85,621860,622651
622246,50,50,0,0,0,0,0,0,0,114,85,621860,622295
622257,50,50,0,0,0,0,0,39,0,114,85,621860,622306
622262,502,500,1,0,0,0,4,1,2,114,85,621860,622763
622314,50,50,0,0,0,0,0,0,0,114,85,621860,622363
622360,500,500,0,0,0,0,0,4,0,114,85,621860,622859
630806,50,50,0,0,0,0,0,0,0,115,88,630686,630855
630818,50,50,0,0,0,0,0,38,0,115,88,630686,630867
630837,52,50,1,0,0,0,7,0,2,115,88,630686,630888
630886,5001,5000,0,1,0,0,4,3,0,115,88,630686,635886
630979,5000,5000,0,1,0,0,0,0,0,115,88,630686,635978
631035,50,50,0,0,0,0,0,0,0,115,88,630686,631084
631059,50,50,0,0,0,0,0,26,0,115,88,630686,631108
631060,51,50,1,0,0,0,3,1,2,115,88,630686,631110
631083,52,50,1,0,0,0,2,1,2,115,88,630686,631134
631128,5001,5000,1,1,0,0,1,0,2,115,88,630686,636128
632701,5001,5000,1,1,0,0,2,0,2,116,82,632599,637701
632705,50,50,0,0,0,0,0,0,0,116,82,632599,632754
632773,50,50,0,0,0,0,0,0,0,116,82,632599,632822
632790,50,50,0,0,0,0,0,33,0,116,82,632599,632839
632790,52,50,1,0,0,1,3,1,2,116,82,632599,632841
632819,53,50,1,0,0,0,1,0,3,116,82,632599,632871
632833,500,500,0,0,0,0,0,0,0,116,82,632599,633332
632890,50,50,0,0,0,0,0,443,0,116,82,632599,632939
632922,51,50,1,0,0,0,1,0,2,116,82,632599,632972
633067,500,500,0,0,0,0,0,266,0,116,82,632599,633566
633079,53,50,1,0,0,0,2,1,3,116,82,632599,633131
633972,500,500,0,0,0,0,0,0,0,117,84,633871,634471
634007,50,50,0,0,0,0,0,465,0,117,84,633871,634056
634027,51,50,1,0,0,0,2,1,2,117,84,633871,634077
634086,50,50,0,0,0,0,0,386,0,117,84,633871,634135
634088,53,50,1,0,0,0,3,1,3,117,84,633871,634140
634111,52,50,1,0,0,0,2,1,2,117,84,633871,634162
634154,50,50,0,0,0,0,0,318,0,117,84,633871,634203
634184,53,50,1,0,0,0,2,0,3,117,84,633871,634236
634216,50,50,0,0,0,0,0,256,0,117,84,633871,634265
634237,53,50,1,0,0,0,2,0,3,117,84,633871,634289
634349,50,50,0,0,0,0,0,123,0,117,84,633871,634398
636312,50,50,0,0,0,0,0,0,0,118,81,636177,636361
636347,50,50,0,0,0,0,0,15,0,118,81,636177,636396
636390,5000,5000,0,1,0,0,0,1,0,118,81,636177,641389
636664,50,50,0,0,0,0,0,0,0,118,81,636177,636713
639963,50,50,0,0,0,0,0,0,0,119,86,639850,640012
639965,50,50,0,0,0,0,0,48,0,119,86,639850,640014
639971,53,50,1,0,0,0,4,0,3,119,86,639850,640023
639993,502,500,1,0,0,0,2,1,2,119,86,639850,640494
640011,5001,5000,1,1,0,0,2,0,2,119,86,639850,645011
640024,50,50,0,0,0,0,0,0,0,119,86,639850,640073
640088,50,50,0,0,0,0,0,0,0,119,86,639850,640137
640113,50,50,0,0,0,0,0,25,0,119,86,639850,640162
640194,50,50,0,0,0,0,0,0,0,119,86,639850,640243
640218,50,50,0,0,0,0,0,26,0,119,86,639850,640267
640281,5000,5000,0,1,0,0,0,0,0,119,86,639850,645280
640296,5002,5000,1,1,0,0,3,0,2,119,86,639850,645297
640309,50,50,0,0,0,0,0,0,0,119,86,639850,640358
643656,50,50,0,0,0,0,0,0,0,120,90,643533,643705
643668,5001,5000,0,1,0,0,2,1613,0,120,90,643533,648668
643682,5002,5000,1,1,0,0,3,1614,2,120,90,643533,648683
643704,50,50,0,0,0,0,0,2,0,120,90,643533,643753
643705,501,500,0,0,0,0,1,1,0,120,90,643533,644205
643715,53,50,1,0,0,0,2,1580,3,120,90,643533,643767
643729,52,50,1,0,0,0,1,1567,2,120,90,643533,643780
643827,5002,5000,1,1,0,0,2,1469,2,120,90,643533,648828
643839,50,50,0,0,0,0,0,367,0,120,90,643533,643888
643935,500,500,0,0,0,0,0,271,0,120,90,643533,644434
643935,53,50,1,0,0,1,1,1360,3,120,90,643533,643987
643962,79,50,1,0,0,0,1,1307,29,120,90,643533,644040
643988,106,50,1,0,0,1,2,1254,56,120,90,643533,644093
644028,118,50,1,0,0,1,2,1202,68,120,90,643533,644145
657896,50,50,0,0,0,0,0,0,0,121,85,657778,657945
657909,500,500,0,0,0,0,0,37,0,121,85,657778,658408
657933,502,500,1,0,0,0,4,0,2,121,85,657778,658434
657980,500,500,0,0,0,0,0,0,0,121,85,657778,658479
658008,502,500,1,0,0,0,4,425,2,121,85,657778,658509
658030,501,500,1,0,0,0,4,1,2,121,85,657778,658530
658110,51,50,1,0,0,0,2,0,2,121,85,657778,658160
658118,52,50,1,0,0,0,3,1,2,121,85,657778,658169
658123,52,50,1,0,0,0,2,0,2,121,85,657778,658174
658189,52,50,1,0,0,0,2,0,2,121,85,657778,658240
658241,501,500,1,0,0,0,3,1,2,121,85,657778,658741
658267,51,50,1,0,0,0,1,0,2,121,85,657778,658317
667462,500,500,0,0,0,0,0,0,0,122,85,667353,667961
667464,50,50,0,0,0,0,0,498,0,122,85,667353,667513
667494,501,500,1,0,0,0,5,1,2,122,85,667353,667994
667506,51,50,1,0,0,0,3,0,2,122,85,667353,667556
667512,5000,5000,0,1,0,0,0,0,0,122,85,667353,672511
667516,500,500,0,0,0,0,0,446,0,122,85,667353,668015
667561,53,50,1,0,0,0,3,4948,3,122,85,667353,667613
667607,5002,5000,1,1,0,0,3,1,2,122,85,667353,672608
667667,51,50,1,0,0,0,2,0,2,122,85,667353,667717
667699,53,50,1,0,0,0,2,4810,3,122,85,667353,667751
667745,5002,5000,1,1,0,0,3,0,2,122,85,667353,672746
667815,52,50,1,0,0,0,3,4695,2,122,85,667353,667866
673517,50,50,0,0,0,0,0,0,0,123,83,673398,673566
673552,5002,5000,1,1,0,0,4,1,2,123,83,673398,678553
673557,50,50,0,0,0,0,0,10,0,123,83,673398,673606
673609,50,50,0,0,0,0,0,0,0,123,83,673398,673658
673633,50,50,0,0,0,0,0,26,0,123,83,673398,673682
673633,5000,5000,0,1,0,1,0,1,0,123,83,673398,678632
673675,50,50,0,0,0,0,0,0,0,123,83,673398,673724
673811,500,500,0,0,0,0,0,0,0,123,83,673398,674310
675393,5000,5000,0,1,0,0,0,0,0,124,89,675283,680392
675428,5002,5000,1,1,0,0,2,0,2,124,89,675283,680429
675437,500,500,0,0,0,0,0,0,0,124,89,675283,675936
675520,500,500,0,0,0,0,0,417,0,124,89,675283,676019
675597,5002,5000,1,1,0,0,2,4831,2,124,89,675283,680598
675614,501,500,1,0,0,0,1,4814,2,124,89,675283,676114
675620,5002,5000,1,1,0,0,1,4808,2,124,89,675283,680621
675752,685,500,0,0,0,0,0,185,0,124,89,675283,676436
683707,500,500,0,0,0,0,0,0,0,125,88,683547,684206
683729,50,50,0,0,0,0,0,478,0,125,88,683547,683778
683741,52,50,1,0,0,0,5,0,2,126,80,683622,683792
683786,50,50,0,0,0,0,0,421,0,126,80,683622,683835
683799,52,50,1,0,0,0,3,1,2,127,81,683688,683850
683803,52,50,1,0,0,0,4,0,2,127,81,683688,683854
683808,51,50,1,0,0,0,3,0,2,126,80,683622,683858
683812,52,50,1,0,0,0,3,1,2,127,81,683688,683863
683843,500,500,0,0,0,0,0,364,0,126,80,683622,684342
683853,502,500,1,0,0,0,2,0,2,126,80,683622,684354
683853,51,50,1,0,0,1,2,0,2,126,80,683622,683903
683866,53,50,1,0,0,0,3,0,3,125,88,683547,683918
683866,503,500,1,0,0,1,5,0,3,127,81,683688,684368
683875,53,50,1,0,0,0,3,477,3,126,80,683622,683927
683914,53,50,1,0,0,0,3,452,3,125,88,683547,683966
683954,5000,5000,0,1,0,0,0,401,0,127,81,683688,688953
683965,5001,5000,1,1,0,0,2,402,2,127,81,683688,688965
683980,52,50,1,0,0,0,2,387,2,127,81,683688,684031
683990,53,50,1,0,0,0,2,376,3,126,80,683622,684042
683990,53,50,1,0,0,1,2,376,3,127,81,683688,684042
684000,5095,5000,1,1,0,0,1,274,95,127,81,683688,689094
684003,531,500,1,0,0,1,1,335,31,126,80,683622,684533
684014,79,50,1,0,0,2,1,335,20,126,80,683622,684092
684024,71,50,1,0,1,3,2,324,21,126,80,683622,684094
684044,104,50,1,0,0,2,1,271,54,127,81,683688,684147
684072,126,50,1,0,0,2,1,271,26,126,80,683622,684197
684082,618,500,1,0,1,3,2,169,118,126,80,683622,684699
684091,166,50,0,0,2,4,2,116,0,127,81,683688,684256
684975,5000,5000,0,1,0,0,0,0,0,128,81,684841,689974
684995,50,50,0,0,0,0,0,0,0,128,81,684841,685044
684999,50,50,0,0,0,0,0,46,0,128,81,684841,685048
685021,52,50,1,0,0,0,2,1,2,128,81,684841,685072
685040,52,50,1,0,0,0,2,1,2,128,81,684841,685091
685068,50,50,0,0,0,0,0,0,0,128,81,684841,685117
685070,50,50,0,0,0,0,0,48,0,128,81,684841,685119
685117,501,500,0,0,0,0,1,1,0,128,81,684841,685617
685142,50,50,0,0,0,0,0,476,0,128,81,684841,685191
685180,52,50,1,0,0,0,3,0,2,128,81,684841,685231
685214,50,50,0,0,0,0,0,404,0,128,81,684841,685263
685246,53,50,1,0,0,0,2,0,3,129,83,685101,685298
685278,50,50,0,0,0,0,0,340,0,129,83,685101,685327
685279,5002,5000,1,1,0,0,2,18,2,129,83,685101,690280
685290,52,50,1,0,0,0,1,7,2,128,81,684841,685341
685317,5003,5000,1,1,0,0,1,0,3,129,83,685101,690319
685320,5024,5000,1,1,0,1,1,4976,24,128,81,684841,690343
685320,8634,5000,0,1,0,2,1,4655,0,128,81,684841,693953
685329,50,50,0,0,0,2,0,289,0,128,81,684841,685378
685372,8596,5000,1,1,0,1,1,1352,3596,129,83,685101,693967
685406,50,50,0,0,0,2,0,212,0,129,83,685101,685455
685420,86,50,0,0,0,2,0,198,0,129,83,685101,685505
685452,104,50,0,0,0,3,0,166,0,129,83,685101,685555
685488,8609,5000,1,1,1,3,2,1223,3609,129,83,685101,694096
685527,529,500,0,0,0,3,0,91,0,129,83,685101,686055
685532,586,500,0,0,0,4,0,86,0,129,83,685101,686117
685566,540,50,0,0,0,4,0,52,0,129,83,685101,686105
692922,50,50,0,0,0,0,0,0,0,130,86,692809,692971
692924,5000,5000,0,1,0,0,0,0,0,130,86,692809,697923
692934,50,50,0,0,0,0,0,38,0,130,86,692809,692983
692939,54,50,1,0,0,0,3,0,4,130,86,692809,692992
692968,5002,5000,1,1,0,0,2,23,2,130,86,692809,697969
693098,50,50,0,0,0,0,0,0,0,130,86,692809,693147
693134,5002,5000,1,1,0,0,1,0,2,130,86,692809,698135
693136,50,50,0,0,0,1,0,12,0,130,86,692809,693185
693176,5003,5000,1,1,0,0,1,4957,3,130,86,692809,698178
693192,50,50,0,0,0,0,0,0,0,130,86,692809,693241
693222,5732,5000,0,1,0,0,0,4702,0,130,86,692809,698953
693288,50,50,0,0,0,1,0,0,0,130,86,692809,693337
693600,5371,5000,1,1,0,1,1,4165,371,131,89,693487,698970
693601,50,50,0,0,0,2,0,0,0,131,89,693487,693650
693612,500,500,0,0,0,2,0,39,0,131,89,693487,694111
693691,50,50,0,0,0,2,0,0,0,131,89,693487,693740
693738,5359,5000,1,1,1,2,1,4165,233,131,89,693487,699096
693750,50,50,0,0,0,3,0,0,0,131,89,693487,693799
693810,9114,5000,0,1,2,3,1,4114,0,131,89,693487,702923
693850,50,50,0,0,0,4,0,0,0,131,89,693487,693899
693952,50,50,0,0,0,4,0,0,0,131,89,693487,694001
693969,83,50,0,0,0,3,0,33,0,131,89,693487,694051
693977,575,500,0,0,0,3,0,25,0,131,89,693487,694551
693981,8991,5000,1,1,0,4,1,164,3991,131,89,693487,702971
694115,9021,5000,1,1,1,2,1,164,3857,132,80,693983,703135
694199,500,500,0,0,0,3,0,353,0,132,80,693983,694698
694270,332,50,0,0,0,3,0,282,0,132,80,693983,694601
694289,363,50,0,0,0,4,0,263,0,132,80,693983,694651
694289,413,50,0,0,1,5,0,263,0,132,80,693983,694701
694295,454,50,0,0,2,6,0,257,0,132,80,693983,694748
694366,386,50,0,0,3,7,0,186,0,132,80,693983,694751
694403,396,50,0,0,4,8,0,149,0,132,80,693983,694798
694434,368,50,0,0,5,9,0,118,0,132,80,693983,694801
694435,8746,5000,1,1,2,10,2,4955,3746,132,80,693983,703180
694448,851,500,0,0,6,11,0,104,0,132,80,693983,695298
694477,825,500,0,0,7,12,0,75,0,132,80,693983,695301
703013,50,50,0,0,0,0,0,0,0,133,87,702889,703062
703029,50,50,0,0,0,0,0,34,0,133,87,702889,703078
703113,50,50,0,0,0,0,0,0,0,133,87,702889,703162
703129,50,50,0,0,0,0,0,34,0,133,87,702889,703178
703133,52,50,1,0,0,0,5,1,2,133,87,702889,703184
703133,52,50,1,0,0,1,4,1,2,133,87,702889,703184
703156,53,50,1,0,0,0,4,0,3,133,87,702889,703208
703183,50,50,0,0,0,0,0,0,0,133,87,702889,703232
703232,5001,5000,0,1,0,0,2,1,0,133,87,702889,708232
703242,500,500,0,0,0,0,0,0,0,133,87,702889,703741
703247,50,50,0,0,0,0,0,495,0,133,87,702889,703296
703263,52,50,1,0,0,0,6,0,2,133,87,702889,703314
703287,52,50,1,0,0,0,4,26,2,133,87,702889,703338
703318,5002,5000,1,1,0,0,5,1,2,133,87,702889,708319
703330,5001,5000,0,1,0,0,1,4903,0,133,87,702889,708330
703819,50,50,0,0,0,0,0,0,0,134,85,703690,703868
703877,50,50,0,0,0,0,0,0,0,134,85,703690,703926
703895,50,50,0,0,0,0,0,32,0,134,85,703690,703944
704053,50,50,0,0,0,0,0,0,0,134,85,703690,704102
704081,50,50,0,0,0,0,0,22,0,134,85,703690,704130
704141,50,50,0,0,0,0,0,0,0,134,85,703690,704190
704145,50,50,0,0,0,0,0,46,0,134,85,703690,704194
709032,500,500,0,0,0,0,0,0,0,135,83,708898,709531
709066,50,50,0,0,0,0,0,466,0,135,83,708898,709115
709113,52,50,1,0,0,0,5,1,2,135,83,708898,709164
709133,5001,5000,0,1,0,0,3,1,0,135,83,708898,714133
709138,5001,5000,1,1,0,0,2,0,2,135,83,708898,714138
709178,50,50,0,0,0,0,0,354,0,135,83,708898,709227
709199,52,50,1,0,0,0,4,4933,2,135,83,708898,709250
709211,52,50,1,0,0,0,4,0,2,135,83,708898,709262
709261,50,50,0,0,0,0,0,271,0,135,83,708898,709310
709292,502,500,1,0,0,0,4,4840,2,135,83,708898,709793
709301,51,50,1,0,0,0,2,0,2,135,83,708898,709351
709312,50,50,0,0,0,0,0,220,0,135,83,708898,709361
711921,5001,5000,0,1,0,0,4,2213,0,136,87,711762,716921
711947,5002,5000,1,1,0,0,2,0,2,136,87,711762,716948
711959,50,50,0,0,0,0,0,0,0,136,87,711762,712008
711966,50,50,0,0,0,0,0,43,0,136,87,711762,712015
712003,5002,5000,1,1,0,0,3,4944,2,136,87,711762,717004
712007,502,500,1,0,0,0,2,4940,2,136,87,711762,712508
712050,50,50,0,0,0,0,0,0,0,136,87,711762,712099
712084,500,500,0,0,0,0,0,16,0,136,87,711762,712583
712103,50,50,0,0,0,0,0,0,0,136,87,711762,712152
712110,52,50,1,0,0,0,1,4837,2,136,87,711762,712161
712115,88,50,0,0,0,0,0,38,0,136,87,711762,712202
712139,76,50,1,0,0,1,1,4784,26,136,87,711762,712214
712220,5002,5000,1,1,0,0,1,4727,2,136,87,711762,717221
712251,5260,5000,1,1,0,0,1,4438,260,136,87,711762,717510
727521,50,50,0,0,0,0,0,0,0,137,81,727415,727570
727536,500,500,0,0,0,0,0,35,0,137,81,727415,728035
727545,502,500,1,0,0,0,4,0,2,137,81,727415,728046
727563,52,50,1,0,0,0,5,482,2,137,81,727415,727614
727713,500,500,0,0,0,0,0,0,0,137,81,727415,728212
727727,5001,5000,0,1,0,0,2,320,0,137,81,727415,732727
727821,501,500,1,0,0,0,3,0,2,137,81,727415,728321
727826,52,50,1,0,0,0,2,1,2,137,81,727415,727877
727845,51,50,1,0,0,0,1,0,2,137,81,727415,727895
727895,5001,5000,1,1,0,0,3,0,2,137,81,727415,732895
739737,5000,5000,0,1,0,0,0,1,0,138,89,739635,744736
739744,5002,5000,1,1,0,0,4,0,2,138,89,739635,744745
739844,5000,5000,0,1,0,0,0,0,0,138,89,739635,744843
739845,50,50,0,0,0,0,0,0,0,138,89,739635,739894
739848,5002,5000,1,1,0,0,4,4896,2,138,89,739635,744849
739861,50,50,0,0,0,0,0,34,0,138,89,739635,739910
740000,50,50,0,0,0,0,0,0,0,138,89,739635,740049
740014,5002,5000,1,1,0,0,2,4730,2,138,89,739635,745015
740101,500,500,0,0,0,0,0,0,0,138,89,739635,740600
740109,50,50,0,0,0,0,0,492,0,138,89,739635,740158
740586,500,500,0,0,0,0,0,15,0,139,89,740474,741085
740651,500,500,0,0,0,0,0,0,0,139,89,740474,741150
740697,53,50,1,0,0,0,2,4046,3,139,89,740474,740749
740699,51,50,1,0,0,1,0,4046,1,139,89,740474,740749
740726,77,50,1,0,0,0,2,3994,26,139,89,740474,740802
740737,515,500,1,0,0,1,2,3993,16,139,89,740474,741251
740765,5040,5000,1,1,0,0,1,3941,40,139,89,740474,745804
740788,5466,5000,1,1,0,1,2,3492,466,139,89,740474,746253
740845,8901,5000,1,1,0,1,1,3492,409,139,89,740474,749745
740855,281,50,0,0,0,2,0,296,0,139,89,740474,741135
740860,8877,5000,0,1,1,3,1,3984,0,139,89,740474,749736
740864,322,50,0,0,0,4,0,287,0,139,89,740474,741185
740868,333,50,0,0,1,5,0,283,0,139,89,740474,741200
740915,321,50,0,0,2,6,0,236,0,139,89,740474,741235
740923,328,50,0,0,3,7,0,228,0,139,89,740474,741250
740940,8904,5000,0,1,2,8,1,3904,0,139,89,740474,749843
751239,50,50,0,0,0,0,0,0,0,140,82,751124,751288
751248,5000,5000,0,1,0,0,0,0,0,140,82,751124,756247
751263,50,50,0,0,0,0,0,26,0,140,82,751124,751312
751281,52,50,1,0,0,0,4,4965,2,140,82,751124,751332
751282,501,500,1,0,0,1,0,0,1,140,82,751124,751782
751305,50,50,0,0,0,0,0,0,0,140,82,751124,751354
751321,50,50,0,0,0,0,0,34,0,140,82,751124,751370
751411,5000,5000,0,1,0,0,0,4837,0,140,82,751124,756410
751468,500,500,0,0,0,0,0,0,0,140,82,751124,751967
751482,500,500,0,0,0,0,0,486,0,140,82,751124,751981
751511,503,500,1,0,0,0,4,269,3,140,82,751124,752013
751549,52,50,1,0,0,0,3,232,2,140,82,751124,751600
755526,500,500,0,0,0,0,0,0,0,141,84,755423,756025
755617,5002,5000,1,1,0,0,5,1,2,141,84,755423,760618
755665,50,50,0,0,0,0,0,361,0,141,84,755423,755714
755701,5001,5000,1,1,0,0,3,0,2,141,84,755423,760701
755718,50,50,0,0,0,0,0,308,0,141,84,755423,755767
755724,52,50,1,0,0,0,2,0,2,141,84,755423,755775
755741,503,500,1,0,0,0,2,32,3,141,84,755423,756243
755813,50,50,0,0,0,0,0,213,0,141,84,755423,755862
755844,52,50,1,0,0,0,2,0,2,141,84,755423,755895
755919,50,50,0,0,0,0,0,107,0,141,84,755423,755968
757836,50,50,0,0,0,0,0,0,0,142,83,757695,757885
757904,50,50,0,0,0,0,0,0,0,142,83,757695,757953
757913,5001,5000,0,1,0,0,2,1,0,142,83,757695,762913
757926,50,50,0,0,0,0,0,28,0,142,83,757695,757975
758045,5000,5000,0,1,0,0,0,4869,0,142,83,757695,763044
758109,50,50,0,0,0,0,0,0,0,142,83,757695,758158
761014,50,50,0,0,0,0,0,0,0,143,82,760907,761063
761079,50,50,0,0,0,0,0,0,0,143,82,760907,761128
761107,500,500,0,0,0,0,0,22,0,143,82,760907,761606
761141,50,50,0,0,0,0,0,0,0,143,82,760907,761190
761158,502,500,1,0,0,0,5,0,2,143,82,760907,761659
761278,500,500,0,0,0,0,0,0,0,143,82,760907,761777
761302,501,500,1,0,0,0,2,356,2,143,82,760907,761802
770244,50,50,0,0,0,0,0,0,0,144,82,770124,770293
770465,500,500,0,0,0,0,0,0,0,144,82,770124,770964
770472,5001,5000,0,1,0,0,3,1,0,144,82,770124,775472
770503,50,50,0,0,0,0,0,462,0,144,82,770124,770552
770533,51,50,1,0,0,0,4,1,2,144,82,770124,770583
770555,5001,5000,0,1,0,0,4,4918,0,144,82,770124,775555
770581,50,50,0,0,0,0,0,384,0,144,82,770124,770630
770596,52,50,1,0,0,0,3,1,2,144,82,770124,770647
770604,53,50,1,0,0,0,3,0,3,144,82,770124,770656
770620,5001,5000,1,1,0,0,2,35,2,144,82,770124,775620
772762,500,500,0,0,0,0,0,0,0,145,86,772617,773261
772814,500,500,0,0,0,0,0,448,0,145,86,772617,773313
772822,52,50,1,0,0,0,2,0,2,145,86,772617,772873
772824,53,50,1,0,0,1,2,47,3,145,86,772617,772876
772865,52,50,1,0,0,0,2,7,2,145,86,772617,772916
772870,52,50,1,0,0,0,1,2,2,145,86,772617,772921
772904,52,50,1,0,0,0,1,1,2,145,86,772617,772955
772951,52,50,1,0,0,0,2,0,2,145,86,772617,773002
772969,52,50,1,0,0,0,3,32,2,145,86,772617,773020
772984,5003,5000,1,1,0,0,2,16,3,145,86,772617,777986
772986,54,50,1,0,0,1,1,13,4,145,86,772617,773039
773117,52,50,1,0,0,0,3,1,2,145,86,772617,773168
773398,500,500,0,0,0,0,0,0,0,146,87,773298,773897
773406,5002,5000,1,1,0,0,3,0,2,146,87,773298,778407
773457,50,50,0,0,0,0,0,441,0,146,87,773298,773506
773462,51,50,1,0,0,0,1,4944,2,146,87,773298,773512
773565,50,50,0,0,0,0,0,333,0,146,87,773298,773614
773578,52,50,1,0,0,0,1,4828,2,146,87,773298,773629
773673,50,50,0,0,0,0,0,225,0,146,87,773298,773722
773768,500,500,0,0,0,0,0,130,0,146,87,773298,774267
773785,502,500,1,0,0,0,1,4621,2,146,87,773298,774286
782214,50,50,0,0,0,0,0,0,0,147,86,782071,782263
782232,5001,5000,0,1,0,0,4,1,0,147,86,782071,787232
782255,500,500,0,0,0,0,0,9,0,148,80,782121,782754
782280,50,50,0,0,0,0,0,0,0,148,80,782121,782329
782313,52,50,1,0,0,0,4,0,2,147,86,782071,782364
782374,50,50,0,0,0,0,0,0,0,148,80,782121,782423
782386,502,500,1,0,0,0,5,0,2,147,86,782071,782887
782393,502,500,1,0,0,0,4,0,2,147,86,782071,782894
782402,5002,5000,1,1,0,0,3,484,2,147,86,782071,787403
782429,50,50,0,0,0,0,0,0,0,148,80,782121,782478
782443,501,500,1,0,0,0,2,443,2,147,86,782071,782943
782455,501,500,1,0,0,0,1,431,2,148,80,782121,782955
782458,502,500,1,0,0,0,1,428,2,148,80,782121,782959
782477,5413,5000,1,1,0,0,1,0,413,147,86,782071,787889
782481,500,500,0,0,0,1,0,0,0,147,86,782071,782980
782488,317,50,0,0,0,1,0,493,0,147,86,782071,782804
782546,309,50,0,0,0,2,0,435,0,148,80,782121,782854
782547,5397,5000,1,1,0,3,1,0,343,147,86,782071,787943
782549,356,50,0,0,1,4,0,432,0,147,86,782071,782904
782559,5397,5000,1,1,1,5,1,0,331,148,80,782121,787955
782567,388,50,0,0,2,6,0,414,0,147,86,782071,782954
782569,5326,5000,0,1,2,7,1,326,0,147,86,782071,787894
782570,435,50,0,0,3,8,0,411,0,147,86,782071,783004
782576,886,500,1,0,4,9,1,4928,386,148,80,782121,783461
782590,5875,5000,1,1,3,10,2,4425,875,148,80,782121,788464
782604,877,500,0,0,5,11,1,377,0,148,80,782121,783480
799650,500,500,0,0,0,0,0,0,0,149,84,799496,800149
799664,50,50,0,0,0,0,0,486,0,149,84,799496,799713
799716,50,50,0,0,0,0,0,434,0,149,84,799496,799765
799745,52,50,1,0,0,0,5,1,2,149,84,799496,799796
799757,52,50,1,0,0,0,3,0,2,149,84,799496,799808
799763,5000,5000,0,1,0,0,0,46,0,149,84,799496,804762
799786,500,500,0,0,0,0,0,364,0,149,84,799496,800285
799812,52,50,1,0,0,0,4,1,2,149,84,799496,799863
799826,5000,5000,0,1,0,0,0,0,0,149,84,799496,804825
799826,5001,5000,1,1,0,1,1,0,2,149,84,799496,804826
799896,52,50,1,0,0,0,3,1,2,149,84,799496,799947
799968,5001,5000,1,1,0,0,3,1,2,149,84,799496,804968
800551,500,500,0,0,0,0,0,0,0,150,89,800320,801050
800582,50,50,0,0,0,0,0,469,0,150,89,800320,800631
800600,51,50,1,0,0,0,2,0,2,150,89,800320,800650
800721,50,50,0,0,0,0,0,330,0,150,89,800320,800770
800759,52,50,1,0,0,0,3,0,2,150,89,800320,800810
800794,500,500,0,0,0,0,0,257,0,150,89,800320,801293
802808,5001,5000,1,1,0,0,2,0,2,151,89,802704,807808
802810,50,50,0,0,0,0,0,0,0,151,89,802704,802859
802835,50,50,0,0,0,0,0,25,0,151,89,802704,802884
802882,50,50,0,0,0,0,0,0,0,151,89,802704,802931
802901,50,50,0,0,0,0,0,31,0,151,89,802704,802950
802914,52,50,1,0,0,0,1,0,2,151,89,802704,802965
802930,52,50,0,0,0,0,0,2,0,151,89,802704,802981
803003,50,50,0,0,0,0,0,0,0,151,89,802704,803052
803032,50,50,0,0,0,0,0,21,0,151,89,802704,803081
803119,50,50,0,0,0,0,0,0,0,151,89,802704,803168
803125,5002,5000,1,1,0,0,1,0,2,151,89,802704,808126
803144,5002,5000,1,1,0,0,1,4981,2,151,89,802704,808145
805942,500,500,0,0,0,0,0,0,0,152,84,805841,806441
806069,500,500,0,0,0,0,0,373,0,152,84,805841,806568
806093,501,500,1,0,0,0,1,0,2,152,84,805841,806593
806127,52,50,1,0,0,0,1,0,2,152,84,805841,806178
806199,52,50,1,0,0,0,2,0,2,152,84,805841,806250
806249,5002,5000,1,1,0,0,2,1876,2,152,84,805841,811250
806255,52,50,1,0,0,0,2,0,2,152,84,805841,806306
814847,5000,5000,0,1,0,0,0,0,0,153,86,814709,819846
814879,5001,5000,1,1,0,0,4,1,2,153,86,814709,819879
814912,50,50,0,0,0,0,0,0,0,153,86,814709,814961
814964,500,500,0,0,0,0,0,0,0,153,86,814709,815463
814977,50,50,0,0,0,0,0,487,0,153,86,814709,815026
815036,50,50,0,0,0,0,0,428,0,153,86,814709,815085
815043,52,50,1,0,0,0,2,4802,2,153,86,814709,815094
815091,500,500,0,0,0,0,0,373,0,153,86,814709,815590
815154,502,500,1,0,0,0,5,4691,2,153,86,814709,815655
815182,51,50,1,0,0,0,2,0,2,153,86,814709,815232
820139,500,500,0,0,0,0,0,0,0,154,83,820004,820638
820182,500,500,0,0,0,0,0,457,0,154,83,820004,820681
820241,52,50,1,0,0,0,5,1,2,154,83,820004,820292
820251,5001,5000,0,1,0,0,4,1,0,154,83,820004,825251
820258,5002,5000,1,1,0,0,4,0,2,154,83,820004,825259
820262,502,500,1,0,0,0,2,4996,2,154,83,820004,820763
820267,52,50,1,0,0,0,3,4991,2,154,83,820004,820318
820268,51,50,1,0,0,1,1,4991,1,154,83,820004,820318
820334,52,50,1,0,0,0,2,4916,2,154,83,820004,820385
820391,5000,5000,0,1,0,0,0,4861,0,154,83,820004,825390
820443,5002,5000,1,1,0,0,3,4815,2,154,83,820004,825444
820451,503,500,1,0,0,0,2,4806,3,154,83,820004,820953
820493,5002,5000,1,1,0,0,1,4765,2,154,83,820004,825494
824907,50,50,0,0,0,0,0,0,0,155,82,824776,824956
824914,50,50,0,0,0,0,0,43,0,155,82,824776,824963
824919,504,500,1,0,0,0,2,337,4,155,82,824776,825422
824957,50,50,0,0,0,0,0,0,0,155,82,824776,825006
824960,53,50,1,0,0,0,1,297,3,155,82,824776,825012
824969,50,50,0,0,0,0,0,38,0,155,82,824776,825018
825023,50,50,0,0,0,0,0,0,0,155,82,824776,825072
825030,5002,5000,1,1,0,0,1,228,2,155,82,824776,830031
825044,5208,5000,0,1,0,0,0,208,0,155,82,824776,830251
825054,500,500,0,0,0,1,0,19,0,155,82,824776,825553
825130,50,50,0,0,0,1,0,0,0,155,82,824776,825179
825139,91,50,0,0,0,1,0,41,0,155,82,824776,825229
825201,529,500,0,0,0,1,0,29,0,155,82,824776,825729
825223,90,50,1,0,0,2,1,0,40,155,82,824776,825312
825227,666,500,1,0,1,3,2,4859,166,155,82,824776,825892
825270,5045,5000,1,1,0,1,1,0,45,155,82,824776,830314
827111,50,50,0,0,0,0,0,0,0,156,83,826982,827160
827160,5001,5000,0,1,0,0,1,3092,0,156,83,826982,832160
827268,50,50,0,0,0,0,0,0,0,156,83,826982,827317
827335,500,500,0,0,0,0,0,0,0,156,83,826982,827834
827369,50,50,0,0,0,0,0,466,0,156,83,826982,827418
833417,50,50,0,0,0,0,0,0,0,157,83,833247,833466
833419,50,50,0,0,0,0,0,48,0,157,83,833247,833468
833457,52,50,1,0,0,0,6,0,2,157,83,833247,833508
833488,50,50,0,0,0,0,0,0,0,157,83,833247,833537
833569,5000,5000,0,1,0,0,0,1,0,157,83,833247,838568
833572,50,50,0,0,0,0,0,0,0,157,83,833247,833621
833603,50,50,0,0,0,0,0,19,0,157,83,833247,833652
833719,50,50,0,0,0,0,0,0,0,157,83,833247,833768
833735,50,50,0,0,0,0,0,34,0,157,83,833247,833784
834019,50,50,0,0,0,0,0,0,0,158,84,833875,834068
834067,50,50,0,0,0,0,0,2,0,158,84,833875,834116
834106,5000,5000,0,1,0,0,0,0,0,158,84,833875,839105
834116,50,50,0,0,0,0,0,0,0,158,84,833875,834165
834144,500,500,0,0,0,0,0,22,0,158,84,833875,834643
834223,50,50,0,0,0,0,0,0,0,158,84,833875,834272
834248,5002,5000,1,1,0,0,5,0,2,158,84,833875,839249
834251,51,50,1,0,0,0,3,4997,2,158,84,833875,834301
834254,51,50,1,0,0,0,2,4994,2,158,84,833875,834304
834304,50,50,0,0,0,0,0,0,0,158,84,833875,834353
834328,53,50,1,0,0,0,3,4919,3,158,84,833875,834380
834364,500,500,0,0,0,0,0,0,0,158,84,833875,834863
834367,53,50,1,0,0,0,3,4880,3,158,84,833875,834419
834367,53,50,1,0,0,1,3,4880,3,158,84,833875,834419
837526,500,500,0,0,0,0,0,0,0,159,88,837396,838025
837527,500,500,0,0,0,0,0,499,0,159,88,837396,838026
837555,52,50,1,0,0,0,2,1693,2,159,88,837396,837606
837555,5002,5000,1,1,0,1,2,1693,2,159,88,837396,842556
837603,503,500,1,0,0,0,2,1644,3,159,88,837396,838105
837667,5002,5000,1,1,0,0,1,1581,2,159,88,837396,842668
837759,52,50,1,0,0,0,1,1489,2,159,88,837396,837810
837777,536,500,1,0,0,0,1,1437,36,159,88,837396,838312
837782,294,50,0,0,0,1,1,244,0,159,88,837396,838075
837840,237,50,0,0,0,1,0,186,0,159,88,837396,838076
837887,239,50,0,0,1,2,0,139,0,159,88,837396,838125
842884,5000,5000,0,1,0,0,0,1,0,160,86,842735,847883
842901,5000,5000,0,1,0,0,0,0,0,160,86,842735,847900
842911,5002,5000,1,1,0,0,4,1,2,160,86,842735,847912
842925,50,50,0,0,0,0,0,0,0,160,86,842735,842974
842962,50,50,0,0,0,0,0,13,0,160,86,842735,843011
842977,50,50,0,0,0,0,0,0,0,160,86,842735,843026
843033,50,50,0,0,0,0,0,0,0,160,86,842735,843082
843056,50,50,0,0,0,0,0,27,0,160,86,842735,843105
843085,50,50,0,0,0,0,0,0,0,160,86,842735,843134
843142,50,50,0,0,0,0,0,0,0,160,86,842735,843191
843175,50,50,0,0,0,0,0,17,0,160,86,842735,843224
843181,5001,5000,1,1,0,0,3,0,2,160,86,842735,848181
843191,5001,5000,1,1,0,0,2,0,2,160,86,842735,848191
856314,500,500,0,0,0,0,0,0,0,161,88,856115,856813
856364,50,50,0,0,0,0,0,450,0,161,88,856115,856413
856368,52,50,1,0,0,0,7,1,2,161,88,856115,856419
856383,52,50,1,0,0,0,3,0,2,161,88,856115,856434
856390,52,50,1,0,0,0,2,1,2,161,88,856115,856441
856404,501,500,1,0,0,0,2,0,2,161,88,856115,856904
856423,50,50,0,0,0,0,0,391,0,161,88,856115,856472
856452,52,50,1,0,0,0,5,0,2,161,88,856115,856503
856505,50,50,0,0,0,0,0,309,0,161,88,856115,856554
856517,5000,5000,0,1,0,0,0,0,0,161,88,856115,861516
856529,52,50,1,0,0,0,3,4986,2,161,88,856115,856580
856530,5003,5000,1,1,0,1,4,1,3,161,88,856115,861532
856531,5002,5000,1,1,1,2,4,1,2,161,88,856115,861532
856534,52,50,1,0,0,0,2,1,2,161,88,856115,856585
856540,52,50,1,0,0,0,1,0,2,161,88,856115,856591
856548,507,500,0,0,0,0,0,266,0,161,88,856115,857054
856594,52,50,1,0,0,0,2,4921,2,161,88,856115,856645
859919,50,50,0,0,0,0,0,0,0,162,89,859667,859968
859930,5000,5000,0,1,0,0,0,1587,0,162,89,859667,864929
859933,50,50,0,0,0,0,0,36,0,162,89,859667,859982
859935,52,50,1,0,0,0,2,0,2,162,89,859667,859986
859972,50,50,0,0,0,0,0,0,0,162,89,859667,860021
859977,52,50,1,0,0,0,2,8,2,162,89,859667,860028
859999,50,50,0,0,0,0,0,23,0,162,89,859667,860048
860016,51,50,1,0,0,0,1,0,2,162,89,859667,860066
860018,52,50,1,0,0,0,1,0,2,162,89,859667,860069
860024,50,50,0,0,0,0,0,0,0,162,89,859667,860073
860113,50,50,0,0,0,0,0,0,0,162,89,859667,860162
860157,500,500,0,0,0,0,0,6,0,162,89,859667,860656
860162,51,50,0,0,0,0,1,1,0,162,89,859667,860212
870172,50,50,0,0,0,0,0,0,0,163,89,870048,870221
870220,50,50,0,0,0,0,0,2,0,163,89,870048,870269
870250,500,500,0,0,0,0,0,0,0,163,89,870048,870749
870319,50,50,0,0,0,0,0,431,0,163,89,870048,870368
870335,5001,5000,0,1,0,0,4,1,0,163,89,870048,875335
870338,5001,5000,0,1,0,0,2,4998,0,163,89,870048,875338
870381,500,500,0,0,0,0,0,369,0,163,89,870048,870880
870426,52,50,1,0,0,0,4,1,2,163,89,870048,870477
870520,501,500,1,0,0,0,2,1,2,163,89,870048,871020
870521,51,50,1,0,0,1,3,0,2,163,89,870048,870571
870527,51,50,1,0,0,0,1,0,2,163,89,870048,870577
870536,51,50,1,0,0,0,1,0,2,163,89,870048,870586
870905,50,50,0,0,0,0,0,0,0,164,82,870763,870954
870987,50,50,0,0,0,0,0,0,0,164,82,870763,871036
871098,500,500,0,0,0,0,0,0,0,164,82,870763,871597
871106,50,50,0,0,0,0,0,492,0,164,82,870763,871155
871186,500,500,0,0,0,0,0,412,0,164,82,870763,871685
871198,5002,5000,1,1,0,0,4,1,2,164,82,870763,876199
871199,53,50,1,0,0,1,1,1,3,164,82,870763,871251
873463,5001,5000,1,1,0,0,3,0,2,165,86,873328,878463
873477,5001,5000,1,1,0,0,1,0,2,165,86,873328,878477
873502,50,50,0,0,0,0,0,0,0,165,86,873328,873551
873578,50,50,0,0,0,0,0,0,0,165,86,873328,873627
873681,50,50,0,0,0,0,0,0,0,165,86,873328,873730
873697,50,50,0,0,0,0,0,34,0,165,86,873328,873746
873711,52,50,1,0,0,0,2,1,2,165,86,873328,873762
873745,50,50,0,0,0,0,0,0,0,165,86,873328,873794
873758,50,50,0,0,0,0,0,37,0,165,86,873328,873807
873769,52,50,1,0,0,0,2,0,2,165,86,873328,873820
873788,5002,5000,1,1,0,0,1,31,2,165,86,873328,878789
875420,50,50,0,0,0,0,0,0,0,166,80,875257,875469
875467,500,500,0,0,0,0,0,3,0,166,80,875257,875966
875532,50,50,0,0,0,0,0,0,0,166,80,875257,875581
875569,52,50,1,0,0,0,3,0,2,166,80,875257,875620
875587,5001,5000,0,1,0,0,0,1,0,166,80,875257,880587
875645,500,500,0,0,0,0,0,0,0,166,80,875257,876144
875673,5000,5000,0,1,0,0,0,4915,0,166,80,875257,880672
875699,53,50,1,0,0,0,1,0,3,166,80,875257,875751
875736,518,500,1,0,0,0,1,0,18,166,80,875257,876253
883927,50,50,0,0,0,0,0,0,0,167,83,883809,883976
883999,5000,5000,0,1,0,0,0,1,0,167,83,883809,888998
884041,5000,5000,0,1,0,0,0,0,0,167,83,883809,889040
884108,50,50,0,0,0,0,0,0,0,167,83,883809,884157
884153,50,50,0,0,0,0,0,5,0,167,83,883809,884202
884201,50,50,0,0,0,0,0,0,0,167,83,883809,884250
884240,500,500,0,0,0,0,0,11,0,167,83,883809,884739
884301,500,500,0,0,0,0,0,0,0,167,83,883809,884800
889285,50,50,0,0,0,0,0,0,0,168,83,889185,889334
889302,50,50,0,0,0,0,0,33,0,168,83,889185,889351
889309,502,500,1,0,0,0,4,0,2,168,83,889185,889810
889337,50,50,0,0,0,0,0,0,0,168,83,889185,889386
889386,5000,5000,0,1,0,0,0,425,0,168,83,889185,894385
889407,500,500,0,0,0,0,0,0,0,168,83,889185,889906
889481,50,50,0,0,0,0,0,426,0,168,83,889185,889530
889487,5002,5000,1,1,0,0,4,0,2,168,83,889185,894488
889560,50,50,0,0,0,0,0,347,0,168,83,889185,889609
889568,51,50,1,0,0,0,2,4919,2,168,83,889185,889618
889569,5003,5000,1,1,0,1,3,4917,3,168,83,889185,894571
889627,50,50,0,0,0,0,0,280,0,168,83,889185,889676
889641,53,50,1,0,0,0,2,4845,3,168,83,889185,889693
889672,5002,5000,1,1,0,0,2,4815,2,168,83,889185,894673
889673,53,50,1,0,0,1,1,4813,3,168,83,889185,889725
889681,500,500,0,0,0,0,0,226,0,168,83,889185,890180
892713,50,50,0,0,0,0,0,0,0,169,84,892594,892762
892723,50,50,0,0,0,0,0,40,0,169,84,892594,892772
892778,5000,5000,0,1,0,0,0,0,0,169,84,892594,897777
892894,50,50,0,0,0,0,0,0,0,169,84,892594,892943
892896,50,50,0,0,0,0,0,48,0,169,84,892594,892945
892903,5002,5000,1,1,0,0,2,1584,2,169,84,892594,897904
892928,52,50,1,0,0,0,1,1559,2,169,84,892594,892979
892962,50,50,0,0,0,0,0,0,0,169,84,892594,893011
892970,5012,5000,1,1,0,0,1,1507,12,169,84,892594,897981
902726,50,50,0,0,0,0,0,0,0,170,85,902575,902775
902781,5000,5000,0,1,0,0,0,0,0,170,85,902575,907780
902786,50,50,0,0,0,0,0,0,0,170,85,902575,902835
902809,5001,5000,0,1,0,0,2,4972,0,170,85,902575,907809
902810,5001,5000,1,1,0,1,0,0,1,170,85,902575,907810
902874,50,50,0,0,0,0,0,0,0,170,85,902575,902923
902881,50,50,0,0,0,0,0,43,0,170,85,902575,902930
902891,5003,5000,1,1,0,0,3,4917,3,170,85,902575,907893
902936,50,50,0,0,0,0,0,0,0,170,85,902575,902985
903019,500,500,0,0,0,0,0,0,0,170,85,902575,903518
903039,50,50,0,0,0,0,0,480,0,170,85,902575,903088
907501,5002,5000,1,1,0,0,3,308,2,171,85,907269,912502
907563,50,50,0,0,0,0,0,0,0,171,85,907269,907612
907574,50,50,0,0,0,0,0,39,0,171,85,907269,907623
907645,50,50,0,0,0,0,0,0,0,171,85,907269,907694
907669,50,50,0,0,0,0,0,26,0,171,85,907269,907718
907717,500,500,0,0,0,0,0,0,0,171,85,907269,908216
911280,50,50,0,0,0,0,0,0,0,172,85,911166,911329
911282,500,500,0,0,0,0,0,48,0,172,85,911166,911781
911306,51,50,1,0,0,0,2,0,2,172,85,911166,911356
911326,502,500,1,0,0,0,3,0,2,172,85,911166,911827
911331,50,50,0,0,0,0,0,0,0,172,85,911166,911380
911340,502,500,1,0,0,0,2,1,2,172,85,911166,911841
911356,51,50,1,0,0,0,3,0,2,172,85,911166,911406
911407,50,50,0,0,0,0,0,0,0,172,85,911166,911456
911411,52,50,1,0,0,0,3,415,2,172,85,911166,911462
911439,52,50,1,0,0,0,3,1,2,172,85,911166,911490
911474,50,50,0,0,0,0,0,0,0,172,85,911166,911523
911513,52,50,1,0,0,0,3,1,2,172,85,911166,911564
911569,5000,5000,0,1,0,0,0,259,0,172,85,911166,916568
911578,50,50,0,0,0,0,0,0,0,172,85,911166,911627
911653,50,50,0,0,0,0,0,0,0,172,85,911166,911702
911659,52,50,1,0,0,0,2,0,2,172,85,911166,911710
920453,500,500,0,0,0,0,0,0,0,173,89,920335,920952
920544,500,500,0,0,0,0,0,409,0,173,89,920335,921043
920547,502,500,1,0,0,0,2,1,2,173,89,920335,921048
920555,5001,5000,0,1,0,0,3,1,0,173,89,920335,925555
920567,5002,5000,1,1,0,0,4,0,2,173,89,920335,925568
920601,51,50,1,0,0,0,2,4966,2,173,89,920335,920651
920687,51,50,1,0,0,0,3,4880,2,173,89,920335,920737
920726,52,50,1,0,0,0,2,4841,2,173,89,920335,920777
920754,502,500,1,0,0,0,2,4813,2,173,89,920335,921255
920797,52,50,1,0,0,0,3,4770,2,173,89,920335,920848
920823,52,50,1,0,0,0,2,4744,2,173,89,920335,920874
920826,502,500,1,0,0,0,1,4741,2,173,89,920335,921327
929109,50,50,0,0,0,0,0,0,0,174,84,928980,929158
929141,50,50,0,0,0,0,0,18,0,174,84,928980,929190
929193,5001,5000,0,1,0,0,5,1,0,174,84,928980,934193
929201,50,50,0,0,0,0,0,0,0,174,84,928980,929250
929211,50,50,0,0,0,0,0,40,0,174,84,928980,929260
929224,51,50,1,0,0,0,4,0,2,174,84,928980,929274
929231,52,50,1,0,0,0,5,4961,2,174,84,928980,929282
929287,50,50,0,0,0,0,0,0,0,174,84,928980,929336
929303,50,50,0,0,0,0,0,34,0,174,84,928980,929352
929387,50,50,0,0,0,0,0,0,0,174,84,928980,929436
929389,50,50,0,0,0,0,0,48,0,174,84,928980,929438
929447,50,50,0,0,0,0,0,0,0,174,84,928980,929496
929451,50,50,0,0,0,0,0,46,0,174,84,928980,929500
939215,50,50,0,0,0,0,0,0,0,175,81,939111,939264
939220,500,500,0,0,0,0,0,45,0,175,81,939111,939719
939256,5000,5000,0,1,0,0,0,0,0,175,81,939111,944255
939329,5002,5000,1,1,0,0,5,0,2,175,81,939111,944330
939412,500,500,0,0,0,0,0,0,0,175,81,939111,939911
939425,52,50,1,0,0,0,2,4829,2,175,81,939111,939476
939491,51,50,1,0,0,0,3,4838,2,175,81,939111,939541
939503,52,50,1,0,0,0,4,4826,2,175,81,939111,939554
939509,502,500,1,0,0,0,1,4745,2,175,81,939111,940010
939565,52,50,1,0,0,0,2,4764,2,175,81,939111,939616
942426,50,50,0,0,0,0,0,0,0,176,88,942319,942475
942445,5001,5000,0,1,0,0,3,1811,0,176,88,942319,947445
942496,50,50,0,0,0,0,0,0,0,176,88,942319,942545
942521,50,50,0,0,0,0,0,25,0,176,88,942319,942570
942540,51,50,1,0,0,0,2,1789,2,176,88,942319,942590
942580,50,50,0,0,0,0,0,0,0,176,88,942319,942629
942582,500,500,0,0,0,0,0,48,0,176,88,942319,943081
942604,52,50,1,0,0,0,3,1725,2,176,88,942319,942655
942646,500,500,0,0,0,0,0,0,0,176,88,942319,943145
942705,5001,5000,1,1,0,0,3,1624,2,176,88,942319,947705
945891,50,50,0,0,0,0,0,0,0,177,87,945789,945940
945903,50,50,0,0,0,0,0,38,0,177,87,945789,945952
945911,51,50,1,0,0,0,3,0,2,177,87,945789,945961
946011,50,50,0,0,0,0,0,0,0,177,87,945789,946060
946046,50,50,0,0,0,0,0,15,0,177,87,945789,946095
946155,5000,5000,0,1,0,0,0,0,0,177,87,945789,951154
946187,50,50,0,0,0,0,0,0,0,177,87,945789,946236
946235,500,500,0,0,0,0,0,2,0,177,87,945789,946734
946774,50,50,0,0,0,0,0,0,0,178,84,946656,946823
946846,5001,5000,1,1,0,0,3,1,2,178,84,946656,951846
946859,50,50,0,0,0,0,0,0,0,178,84,946656,946908
946871,5002,5000,1,1,0,0,3,1,2,178,84,946656,951872
946886,50,50,0,0,0,0,0,23,0,178,84,946656,946935
946928,50,50,0,0,0,0,0,0,0,178,84,946656,946977
946938,50,50,0,0,0,0,0,40,0,178,84,946656,946987
946958,5002,5000,1,1,0,0,2,0,2,178,84,946656,951959
946985,50,50,0,0,0,0,0,0,0,178,84,946656,947034
947011,50,50,0,0,0,0,0,24,0,178,84,946656,947060
947013,5004,5000,1,1,0,0,1,4943,4,178,84,946656,952016
947030,505,500,0,0,0,0,0,5,0,178,84,946656,947534
947057,54,50,0,0,0,0,0,478,0,178,84,946656,947110
947112,50,50,0,0,0,0,0,423,0,178,84,946656,947161
947148,64,50,0,0,0,0,0,387,0,178,84,946656,947211
948327,50,50,0,0,0,0,0,0,0,179,85,948216,948376
948360,50,50,0,0,0,0,0,17,0,179,85,948216,948409
948386,50,50,0,0,0,0,0,0,0,179,85,948216,948435
948403,502,500,1,0,0,0,2,2750,2,179,85,948216,948904
948404,51,50,1,0,0,1,0,3555,1,179,85,948216,948454
948414,50,50,0,0,0,0,0,22,0,179,85,948216,948463
948420,66,50,0,0,0,0,0,16,0,179,85,948216,948485
948444,63,50,1,0,0,0,1,3503,13,179,85,948216,948506
948516,500,500,0,0,0,0,0,0,0,179,85,948216,949015
948516,5003,5000,1,1,0,1,1,3441,3,179,85,948216,953518
948588,50,50,0,0,0,0,0,428,0,179,85,948216,948637
948640,500,500,0,0,0,0,0,376,0,180,82,948515,949139
948645,871,500,0,0,0,0,0,371,0,180,82,948515,949515
948675,515,50,0,0,0,1,0,341,0,179,85,948216,949189
948702,5203,5000,0,1,0,2,0,2453,0,179,85,948216,953904
948746,494,50,0,0,1,3,0,270,0,180,82,948515,949239
950890,500,500,0,0,0,0,0,0,0,181,88,950767,951389
950893,5262,5000,0,1,0,0,0,262,0,181,88,950767,956154
950899,50,50,0,0,0,1,0,491,0,181,88,950767,950948
950917,5932,5000,1,1,0,1,1,111,932,181,88,950767,956848
950999,50,50,0,0,0,2,0,391,0,181,88,950767,951048
951030,69,50,0,0,0,2,0,360,0,181,88,950767,951098
951084,5792,5000,1,1,1,2,2,84,792,181,88,950767,956875
951108,50,50,0,0,0,3,0,282,0,181,88,950767,951157
951198,500,500,0,0,0,2,0,192,0,181,88,950767,951697
951220,220,50,0,0,0,2,0,170,0,181,88,950767,951439
951226,264,50,0,0,0,3,0,164,0,181,88,950767,951489
951260,280,50,0,0,1,4,0,130,0,181,88,950767,951539
951267,323,50,0,0,2,5,0,123,0,181,88,950767,951589
957097,50,50,0,0,0,0,0,0,0,182,84,956980,957146
957125,5001,5000,0,1,0,0,3,1,0,182,84,956980,962125
957130,50,50,0,0,0,0,0,17,0,182,84,956980,957179
957139,502,500,1,0,0,0,2,4985,2,182,84,956980,957640
957165,50,50,0,0,0,0,0,0,0,182,84,956980,957214
957172,53,50,1,0,0,0,4,1,3,182,84,956980,957224
957241,5002,5000,1,1,0,0,5,1,2,182,84,956980,962242
957252,50,50,0,0,0,0,0,0,0,182,84,956980,957301
957252,500,500,0,0,0,1,0,0,0,182,84,956980,957751
957339,50,50,0,0,0,0,0,0,0,182,84,956980,957388
957348,51,50,1,0,0,0,2,1,2,182,84,956980,957398
957442,5002,5000,1,1,0,0,4,0,2,182,84,956980,962443
957480,50,50,0,0,0,0,0,0,0,182,84,956980,957529
968614,50,50,0,0,0,0,0,0,0,183,82,968513,968663
968622,5000,5000,0,1,0,0,0,1,0,183,82,968513,973621
968629,500,500,0,0,0,0,0,35,0,183,82,968513,969128
968646,51,50,1,0,0,0,5,1,2,183,82,968513,968696
968656,5001,5000,0,1,0,0,3,1,0,183,82,968513,973656
968730,50,50,0,0,0,0,0,0,0,183,82,968513,968779
968750,51,50,1,0,0,0,2,0,2,183,82,968513,968800
968776,52,50,1,0,0,0,2,1,2,183,82,968513,968827
968792,50,50,0,0,0,0,0,0,0,183,82,968513,968841
968810,502,500,1,0,0,0,3,1,2,183,82,968513,969311
968858,500,500,0,0,0,0,0,0,0,184,87,968728,969357
968859,5002,5000,1,1,0,0,4,1,2,184,87,968728,973860
968945,52,50,1,0,0,0,3,0,2,183,82,968513,968996
968951,53,50,1,0,0,0,2,43,3,183,82,968513,969003
968973,52,50,1,0,0,0,1,22,2,184,87,968728,969024
968994,506,500,1,0,0,0,1,0,6,184,87,968728,969499
969063,52,50,1,0,0,0,2,435,2,184,87,968728,969114
969065,53,50,1,0,0,1,1,432,3,184,87,968728,969117
969101,67,50,1,0,0,0,1,382,17,184,87,968728,969167
969205,50,50,0,0,0,0,0,153,0,184,87,968728,969254
973470,50,50,0,0,0,0,0,0,0,185,89,973143,973519
973492,500,500,0,0,0,0,0,28,0,185,89,973143,973991
973524,50,50,0,0,0,0,0,0,0,185,89,973143,973573
973533,502,500,1,0,0,0,2,0,2,185,89,973143,974034
973533,5002,5000,1,1,0,1,2,0,2,185,89,973143,978534
973535,5002,5000,1,1,0,2,1,498,2,185,89,973143,978536
973543,5002,5000,1,1,0,0,1,490,2,185,89,973143,978544
973559,65,50,0,0,0,0,0,15,0,185,89,973143,973623
975293,50,50,0,0,0,0,0,0,0,186,83,975193,975342
975351,50,50,0,0,0,0,0,0,0,186,83,975193,975400
975369,50,50,0,0,0,0,0,32,0,186,83,975193,975418
975395,52,50,1,0,0,0,4,1,2,186,83,975193,975446
975423,50,50,0,0,0,0,0,0,0,186,83,975193,975472
975471,50,50,0,0,0,0,0,2,0,186,83,975193,975520
975488,50,50,0,0,0,0,0,0,0,186,83,975193,975537
975504,5000,5000,0,1,0,0,0,1,0,186,83,975193,980503
975524,5001,5000,0,1,0,0,1,1,0,186,83,975193,980524
975529,5001,5000,1,1,0,0,1,0,2,186,83,975193,980529
975533,5003,5000,1,1,0,0,1,0,3,186,83,975193,980535
975537,50,50,0,0,0,0,0,1,0,187,87,975400,975586
975551,50,50,0,0,0,0,0,0,0,187,87,975400,975600
975567,70,50,0,0,0,0,0,34,0,187,87,975400,975636
975591,7946,5000,1,1,0,0,1,1998,2947,186,83,975193,983536
975609,7929,5000,1,1,0,1,1,1998,2929,186,83,975193,983537
975609,500,500,0,0,0,2,0,0,0,186,83,975193,976108
975673,500,500,0,0,0,2,0,436,0,187,87,975400,976172
975681,478,50,0,0,0,2,0,428,0,186,83,975193,976158
975714,495,50,0,0,0,3,0,395,0,187,87,975400,976208
975811,7734,5000,1,1,1,4,1,1998,2727,187,87,975400,983544
975841,9663,5000,0,1,2,5,1,4684,0,187,87,975400,985503
978446,50,50,0,0,0,4,0,0,0,188,80,978324,978495
978468,500,500,0,0,0,4,0,28,0,188,80,978324,978967
978497,7028,5000,0,1,3,4,1,2028,0,188,80,978324,985524
978609,50,50,0,0,0,2,0,0,0,188,80,978324,978658
978626,83,50,0,0,0,2,0,33,0,188,80,978324,978708
978645,114,50,0,0,0,3,0,14,0,188,80,978324,978758
978648,161,50,0,0,1,4,0,11,0,188,80,978324,978808
978681,178,50,0,0,1,4,0,28,0,188,80,978324,978858
978715,644,500,0,0,1,4,0,44,0,188,80,978324,979358
978761,257,50,0,0,1,4,0,48,0,189,85,978654,979017
978783,285,50,0,0,2,5,0,26,0,188,80,978324,979067
978799,769,500,0,0,3,6,0,10,0,189,85,978654,979567
978833,576,50,0,0,3,6,0,26,0,189,85,978654,979408
978901,558,50,0,0,3,6,0,458,0,189,85,978654,979458
978903,606,50,0,0,4,7,0,456,0,189,85,978654,979508
978928,1081,500,0,0,5,8,0,431,0,189,85,978654,980008
978949,669,50,0,0,6,9,0,410,0,189,85,978654,979617
978964,1154,500,0,0,7,10,0,395,0,189,85,978654,980117
978977,1532,500,0,0,7,10,0,382,0,189,85,978654,980508
978979,6553,5000,1,1,1,11,1,4,1553,189,85,978654,985531
978982,1636,500,0,0,8,12,0,377,0,189,85,978654,980617
979037,1522,50,0,0,8,12,0,322,0,189,85,978654,980558
979058,1981,500,1,0,9,13,1,0,1481,189,85,978654,981038
979065,2024,50,1,0,10,14,1,0,1474,189,85,978654,981088
979119,1490,50,0,0,10,14,1,240,0,189,85,978654,980608
979136,1973,500,0,0,11,15,1,223,0,189,85,978654,981108
981273,5002,5000,1,1,0,0,1,0,2,190,86,981151,986274
981287,7253,5000,1,1,0,0,2,2735,2253,190,86,981151,988539
981553,500,500,0,0,0,1,0,0,0,190,86,981151,982052
981554,500,500,0,0,0,1,0,499,0,190,86,981151,982053
981576,527,50,0,0,0,1,0,477,0,190,86,981151,982102
981576,978,500,0,0,0,2,0,477,0,190,86,981151,982553
981608,545,50,0,0,1,3,0,445,0,190,86,981151,982152
984738,50,50,0,0,0,0,0,0,0,191,80,984573,984787
984801,5002,5000,1,1,0,0,2,1472,2,191,80,984573,989802
984829,5003,5000,1,1,0,0,1,1443,3,191,80,984573,989831
984842,5662,5000,0,1,0,0,0,683,0,191,80,984573,990503
984871,5654,5000,0,1,0,1,0,654,0,191,80,984573,990524
984887,50,50,0,0,0,2,0,0,0,191,80,984573,984936
984924,5610,5000,1,1,1,2,1,741,610,191,80,984573,990533
985974,50,50,0,0,0,0,0,0,0,192,82,985860,986023
985998,50,50,0,0,0,0,0,26,0,192,82,985860,986047
986065,500,500,0,0,0,0,0,0,0,192,82,985860,986564
986164,50,50,0,0,0,0,0,401,0,192,82,985860,986213
986171,93,50,0,0,0,0,0,394,0,192,82,985860,986263
986174,140,50,0,0,0,1,0,391,0,192,82,985860,986313
986194,133,50,1,0,1,2,1,0,83,192,82,985860,986326
986223,591,500,0,0,1,2,1,342,0,192,82,985860,986813
986254,5075,5000,1,1,0,3,1,0,75,192,82,985860,991328
986285,330,50,0,0,0,2,0,280,0,192,82,985860,986614
986292,373,50,0,0,1,3,0,273,0,192,82,985860,986664
986315,400,50,0,0,1,3,0,250,0,192,82,985860,986714
986328,437,50,0,0,2,4,0,237,0,192,82,985860,986764
989299,50,50,0,0,0,0,0,0,0,193,82,989172,989348
989307,50,50,0,0,0,0,0,42,0,193,82,989172,989356
989318,53,50,1,0,0,0,1,2008,3,193,82,989172,989370
989488,500,500,0,0,0,0,0,0,0,193,82,989172,989987
989551,50,50,0,0,0,0,0,437,0,193,82,989172,989600
989614,50,50,0,0,0,0,0,374,0,193,82,989172,989663
989622,5002,5000,1,1,0,0,1,1705,2,193,82,989172,994623
996869,500,500,0,0,0,0,0,0,0,194,87,996750,997368
996895,500,500,0,0,0,0,0,474,0,194,87,996750,997394
996928,52,50,1,0,0,0,3,0,2,194,87,996750,996979
996993,501,500,1,0,0,0,6,1,2,194,87,996750,997493
997006,52,50,1,0,0,0,5,1,2,194,87,996750,997057
997145,52,50,1,0,0,0,4,1,2,194,87,996750,997196
997189,52,50,1,0,0,0,3,0,2,194,87,996750,997240
997204,51,50,1,0,0,0,2,0,2,194,87,996750,997254
997225,53,50,1,0,0,0,3,0,3,194,87,996750,997277
